1.930155754089355469e-01
4.853718355298042297e-02
7.160788029432296753e-02
7.259872555732727051e-02
1.451611071825027466e-01
9.988336265087127686e-02
1.544913649559020996e-01
2.717311084270477295e-01
2.041229158639907837e-01
9.917382895946502686e-02
9.348598122596740723e-02
1.098267138004302979e-01
9.532620012760162354e-02
1.547099649906158447e-01
8.798585087060928345e-02
7.333187013864517212e-02
5.674781277775764465e-02
5.955573543906211853e-02
1.589768677949905396e-01
8.183839172124862671e-02
1.412135809659957886e-01
2.556370496749877930e-01
3.563656508922576904e-01
3.563656508922576904e-01
2.106257230043411255e-01
3.563656508922576904e-01
2.177684903144836426e-01
6.808435171842575073e-02
9.222012758255004883e-02
1.182397976517677307e-01
1.052123680710792542e-01
1.925782114267349243e-01
1.450900137424468994e-01
6.564544886350631714e-02
2.789068594574928284e-02
3.180575743317604065e-02
1.433894187211990356e-01
1.624348312616348267e-01
1.322513520717620850e-01
1.001098155975341797e-01
1.647341996431350708e-01
1.678655892610549927e-01
1.071002334356307983e-01
1.111647710204124451e-01
1.213455572724342346e-01
1.152516826987266541e-01
1.535543948411941528e-01
1.333095729351043701e-01
1.472568660974502563e-01
2.311235517263412476e-01
2.190985828638076782e-01
1.401868611574172974e-01
1.984809041023254395e-01
1.591011881828308105e-01
1.458416134119033813e-01
2.618838250637054443e-01
2.071312218904495239e-01
1.357307583093643188e-01
2.095053941011428833e-01
1.069040670990943909e-01
5.046931654214859009e-02
1.368790306150913239e-02
6.622933596372604370e-02
1.625036299228668213e-01
2.350115329027175903e-01
1.886793971061706543e-01
2.085675895214080811e-01
3.089320361614227295e-01
2.177342921495437622e-01
1.632463783025741577e-01
1.086315885186195374e-01
9.799180179834365845e-02
9.026482701301574707e-02
1.571528017520904541e-01
1.000883430242538452e-01
1.365493386983871460e-01
2.141747623682022095e-01
1.543042957782745361e-01
1.377592235803604126e-01
9.803771972656250000e-02
7.783280313014984131e-02
1.331133544445037842e-01
2.059622704982757568e-01
1.046443134546279907e-01
1.530591994524002075e-01
2.127252221107482910e-01
1.613736301660537720e-01
1.960304975509643555e-01
1.157621964812278748e-01
1.486935168504714966e-01
1.031792685389518738e-01
1.080066710710525513e-01
7.172374427318572998e-02
1.355539262294769287e-01
2.456195354461669922e-01
2.593786716461181641e-01
2.891927659511566162e-01
1.555201858282089233e-01
5.533074587583541870e-02
1.178410500288009644e-01
1.623014807701110840e-01
1.173404306173324585e-01
8.600854128599166870e-02
2.070388793945312500e-01
1.639342308044433594e-01
3.474722206592559814e-01
2.095926851034164429e-01
1.022675260901451111e-01
1.143649891018867493e-01
1.404106765985488892e-01
8.460439741611480713e-02
1.390848606824874878e-01
2.577787041664123535e-01
1.445908248424530029e-01
1.644749790430068970e-01
1.084503903985023499e-01
1.661930680274963379e-01
1.046997532248497009e-01
1.020126417279243469e-01
7.314664125442504883e-02
7.888055592775344849e-02
3.044388890266418457e-01
1.434555798768997192e-01
1.736549884080886841e-01
1.552011817693710327e-01
1.556531339883804321e-01
1.224351823329925537e-01
1.540300548076629639e-01
1.460188925266265869e-01
1.094250306487083435e-01
2.258444726467132568e-01
1.299593150615692139e-01
2.023731023073196411e-01
2.136331498622894287e-01
1.501875817775726318e-01
1.289041340351104736e-01
1.347903609275817871e-01
1.946928799152374268e-01
1.450908482074737549e-01
3.128767907619476318e-01
1.973302364349365234e-01
1.738981455564498901e-01
1.590923517942428589e-01
1.507189273834228516e-01
9.886791557073593140e-02
1.237793490290641785e-01
1.073025688529014587e-01
9.059529751539230347e-02
2.225485295057296753e-01
1.240634247660636902e-01
1.370319575071334839e-01
1.266412734985351562e-01
1.438160240650177002e-01
8.552413433790206909e-02
1.408888250589370728e-01
1.913017481565475464e-01
2.091881036758422852e-01
2.504800856113433838e-01
2.519922554492950439e-01
1.176575645804405212e-01
7.455206662416458130e-02
8.854299783706665039e-02
8.945373445749282837e-02
1.223496422171592712e-01
1.849747598171234131e-01
1.381289511919021606e-01
2.547357976436614990e-01
1.733152866363525391e-01
1.922698467969894409e-01
1.074050813913345337e-01
1.157900765538215637e-01
1.660452038049697876e-01
1.939306706190109253e-01
1.947830170392990112e-01
1.601374894380569458e-01
2.486907094717025757e-01
2.732983231544494629e-01
2.306623011827468872e-01
1.114267632365226746e-01
7.236144691705703735e-02
4.299728665500879288e-03
6.505622062832117081e-03
1.020415872335433960e-02
1.545649208128452301e-02
4.236338734626770020e-01
2.654305286705493927e-02
1.018843334168195724e-02
6.356799975037574768e-03
6.206161808222532272e-03
5.569380708038806915e-03
5.549892783164978027e-03
6.725248880684375763e-03
4.126812517642974854e-02
5.342512130737304688e-01
2.946770749986171722e-02
8.264151401817798615e-03
7.591802161186933517e-03
6.498435512185096741e-03
1.044860295951366425e-02
1.277071796357631683e-02
1.275816932320594788e-02
1.326815970242023468e-02
4.859148263931274414e-01
2.171829901635646820e-02
1.290387846529483795e-02
9.376350790262222290e-03
7.816878147423267365e-03
6.462622899562120438e-03
6.490529980510473251e-03
6.448677275329828262e-03
3.293685987591743469e-02
5.342512130737304688e-01
3.581612557172775269e-02
6.914269179105758667e-03
7.997559383511543274e-03
9.807559661567211151e-03
1.054447237402200699e-02
1.194515638053417206e-02
3.822039067745208740e-02
9.455105662345886230e-02
6.748599410057067871e-01
5.908015742897987366e-02
2.797837741672992706e-02
2.577008493244647980e-02
1.119223143905401230e-02
9.518258273601531982e-03
2.526690438389778137e-02
7.621269673109054565e-02
4.442325606942176819e-02
6.042497605085372925e-02
5.822039023041725159e-02
5.669878423213958740e-02
3.941318765282630920e-02
1.378962863236665726e-02
9.610907174646854401e-03
1.499721594154834747e-02
2.881912514567375183e-02
8.658185601234436035e-02
6.748599410057067871e-01
7.653019577264785767e-02
2.652714028954505920e-02
2.312014251947402954e-02
1.651947945356369019e-02
1.025251764804124832e-02
1.692024245858192444e-02
5.175507441163063049e-02
7.765204459428787231e-02
1.067375615239143372e-01
6.222627684473991394e-02
6.136189773678779602e-02
4.176915809512138367e-02
1.664408668875694275e-02
2.734926529228687286e-02
7.249948382377624512e-02
1.267337352037429810e-01
1.326508074998855591e-01
8.191609382629394531e-02
1.115483641624450684e-01
1.590959578752517700e-01
1.083553731441497803e-01
5.761674046516418457e-02
5.835627764463424683e-02
4.927952215075492859e-02
6.085089966654777527e-02
1.349611133337020874e-01
1.557334065437316895e-01
2.995905280113220215e-01
4.449447095394134521e-01
4.449447095394134521e-01
1.359883695840835571e-01
4.042112827301025391e-02
3.892551735043525696e-02
7.802572846412658691e-02
1.503211706876754761e-01
1.496424823999404907e-01
1.516921967267990112e-01
1.450583636760711670e-01
7.201138138771057129e-02
6.034846231341362000e-02
5.733795464038848877e-02
6.316085159778594971e-02
9.942598640918731689e-02
1.769568324089050293e-01
2.387245148420333862e-01
2.312782853841781616e-01
2.330007255077362061e-01
1.154323071241378784e-01
8.055729418992996216e-02
3.968224674463272095e-02
1.128029916435480118e-02
9.767446666955947876e-03
2.419546991586685181e-02
6.425292044878005981e-02
1.318110674619674683e-01
3.635787069797515869e-01
3.635787069797515869e-01
1.088784560561180115e-01
6.273818761110305786e-02
1.891808025538921356e-02
1.027781516313552856e-02
1.918466016650199890e-02
4.422453790903091431e-02
8.099335432052612305e-02
2.941321134567260742e-01
3.635787069797515869e-01
3.170567452907562256e-01
3.749375045299530029e-02
4.399266466498374939e-02
5.222000926733016968e-02
6.408935785293579102e-02
6.889210641384124756e-02
6.291570514440536499e-02
1.185830011963844299e-01
2.083485424518585205e-01
7.924707978963851929e-02
1.044322177767753601e-01
5.118111893534660339e-02
4.687654972076416016e-02
4.263469949364662170e-02
3.762187808752059937e-02
6.944566220045089722e-02
1.428558528423309326e-01
3.635787069797515869e-01
3.236200809478759766e-01
6.719262897968292236e-02
1.760844886302947998e-02
1.589024066925048828e-02
1.621527969837188721e-02
1.952939666807651520e-02
2.337809465825557709e-02
6.652576476335525513e-02
3.458427786827087402e-01
3.458427786827087402e-01
1.112884953618049622e-01
4.421629384160041809e-02
3.930919617414474487e-02
2.723430283367633820e-02
2.394202910363674164e-02
1.630841940641403198e-02
2.614353597164154053e-02
2.171069979667663574e-01
3.458427786827087402e-01
1.351607292890548706e-01
4.184640944004058838e-02
2.333029173314571381e-02
1.676929555833339691e-02
1.599736325442790985e-02
2.654138207435607910e-02
6.684090197086334229e-02
3.458427786827087402e-01
3.458427786827087402e-01
2.146731615066528320e-01
8.227639645338058472e-02
3.305053338408470154e-02
2.202526107430458069e-02
2.169509604573249817e-02
8.625002577900886536e-03
4.544541984796524048e-02
3.458427786827087402e-01
3.458427786827087402e-01
1.577815115451812744e-01
4.235269874334335327e-02
2.678789384663105011e-02
2.178566157817840576e-02
1.865069381892681122e-02
1.531283650547266006e-02
2.956740185618400574e-02
1.425811499357223511e-01
2.858931422233581543e-01
1.538918763399124146e-01
5.500110238790512085e-02
1.902353018522262573e-02
2.566781267523765564e-02
2.702458947896957397e-02
3.101100400090217590e-02
2.999505586922168732e-02
6.183848902583122253e-02
2.132083624601364136e-01
3.978563547134399414e-01
9.506432712078094482e-02
3.334613889455795288e-02
1.269809156656265259e-02
2.085771411657333374e-02
7.031766232103109360e-03
5.109041184186935425e-02
2.969722449779510498e-01
4.061560332775115967e-01
4.061560332775115967e-01
1.010820344090461731e-01
2.677814848721027374e-02
3.794004675000905991e-03
3.099184483289718628e-03
7.245664019137620926e-03
2.326319739222526550e-02
1.364221572875976562e-01
4.061560332775115967e-01
1.568553149700164795e-01
5.733115598559379578e-02
3.465005755424499512e-02
4.637724533677101135e-02
3.057305514812469482e-02
3.312555700540542603e-02
2.870587632060050964e-02
5.322571843862533569e-02
1.746972948312759399e-01
1.002901270985603333e-01
3.964342549443244934e-02
5.275254324078559875e-02
7.602916657924652100e-02
3.239051625132560730e-02
2.875568903982639313e-02
4.998845607042312622e-02
7.776587456464767456e-02
1.641520708799362183e-01
4.423208832740783691e-01
7.284993678331375122e-02
2.299722842872142792e-02
1.457954570651054382e-02
1.097675133496522903e-02
1.102401968091726303e-02
2.838235720992088318e-02
1.383082121610641479e-01
4.423208832740783691e-01
4.423208832740783691e-01
2.835738658905029297e-02
3.102737851440906525e-02
4.688333347439765930e-02
3.910040110349655151e-02
3.906740993261337280e-02
6.169879063963890076e-02
2.256705313920974731e-01
4.423208832740783691e-01
8.592841029167175293e-02
4.788485169410705566e-02
4.003473371267318726e-02
4.463706910610198975e-02
3.308366239070892334e-02
3.985066711902618408e-02
5.395545437932014465e-02
8.412756770849227905e-02
1.266315728425979614e-01
7.950611412525177002e-02
6.097384542226791382e-02
3.330517932772636414e-02
2.540486678481101990e-02
7.434981316328048706e-02
4.462077468633651733e-02
4.986598342657089233e-02
8.188544958829879761e-02
1.381854712963104248e-01
4.380941987037658691e-01
3.341869264841079712e-02
4.032839834690093994e-02
5.266116559505462646e-02
2.794593013823032379e-02
4.915151000022888184e-02
5.733888596296310425e-02
2.438070774078369141e-01
4.380941987037658691e-01
4.380941987037658691e-01
7.750704884529113770e-02
4.859421029686927795e-02
3.057360835373401642e-02
2.258944138884544373e-02
2.759767882525920868e-02
3.981954231858253479e-02
2.339564263820648193e-01
4.380941987037658691e-01
5.122048407793045044e-02
6.920061260461807251e-02
5.513944104313850403e-02
2.659511938691139221e-02
7.741672545671463013e-02
4.820536449551582336e-02
4.295091703534126282e-02
7.745236158370971680e-02
1.099978089332580566e-01
6.724629551172256470e-02
9.280314296483993530e-02
9.146203100681304932e-02
3.664432838559150696e-02
7.253044843673706055e-02
2.992256917059421539e-02
5.815423652529716492e-02
5.499964207410812378e-02
8.186275511980056763e-02
4.506104886531829834e-01
1.208877637982368469e-01
6.472251564264297485e-02
1.233067177236080170e-02
3.929575160145759583e-02
2.579498104751110077e-02
2.241580747067928314e-02
1.750449091196060181e-01
4.506104886531829834e-01
4.506104886531829834e-01
1.613072603940963745e-01
8.571214973926544189e-02
2.126358263194561005e-02
5.166449397802352905e-02
2.793395891785621643e-02
2.787240222096443176e-02
1.068625748157501221e-01
4.506104886531829834e-01
7.961823791265487671e-02
7.125066220760345459e-02
8.101945370435714722e-02
5.986652523279190063e-02
9.351473301649093628e-02
3.599904105067253113e-02
6.809566169977188110e-02
7.060420513153076172e-02
7.755817472934722900e-02
7.497719675302505493e-02
5.765528231859207153e-02
1.494883745908737183e-01
1.621847003698348999e-01
1.419394910335540771e-01
1.141068339347839355e-01
7.834175974130630493e-02
6.369847804307937622e-02
5.955827981233596802e-02
4.217362105846405029e-01
1.441935598850250244e-01
6.379001587629318237e-02
1.292842999100685120e-02
5.311738699674606323e-02
2.135798335075378418e-02
4.750179499387741089e-02
1.256466358900070190e-01
4.217362105846405029e-01
4.217362105846405029e-01
1.065632700920104980e-01
9.357502311468124390e-02
5.337695404887199402e-02
9.036371856927871704e-02
1.394427269697189331e-01
1.240476369857788086e-01
1.424275338649749756e-01
4.217362105846405029e-01
1.505733430385589600e-01
1.871008276939392090e-01
2.814950346946716309e-01
3.296414315700531006e-01
3.688038289546966553e-01
2.757357954978942871e-01
1.302782744169235229e-01
1.166729629039764404e-01
2.037045508623123169e-01
4.452653974294662476e-02
1.268910318613052368e-01
1.621979773044586182e-01
1.346505880355834961e-01
1.866241097450256348e-01
1.218115463852882385e-01
4.382581636309623718e-02
1.873698830604553223e-02
2.892905846238136292e-02
1.476590484380722046e-01
1.152392327785491943e-01
1.719523221254348755e-01
1.108929142355918884e-01
2.618573904037475586e-01
1.979251950979232788e-01
1.307951211929321289e-01
8.431514352560043335e-02
1.755423694849014282e-01
8.108548074960708618e-02
1.228351369500160217e-01
1.455257833003997803e-01
1.026759520173072815e-01
1.687242090702056885e-01
9.545203298330307007e-02
5.439664423465728760e-02
9.242063760757446289e-02
9.550921618938446045e-02
7.625896483659744263e-02
2.356553971767425537e-01
2.175788432359695435e-01
1.274442225694656372e-01
1.764581054449081421e-01
9.171307086944580078e-02
6.565662473440170288e-02
3.179343044757843018e-02
3.913503140211105347e-02
1.164634749293327332e-01
1.703100502490997314e-01
1.776337176561355591e-01
1.235099658370018005e-01
2.156185060739517212e-01
1.474634557962417603e-01
1.624706089496612549e-01
1.140641272068023682e-01
9.885685145854949951e-02
5.557941272854804993e-02
2.409473359584808350e-01
2.532620131969451904e-01
1.732141822576522827e-01
1.943316012620925903e-01
7.920823246240615845e-02
7.709663361310958862e-02
9.064126014709472656e-02
7.605112344026565552e-02
2.214330285787582397e-01
3.836594521999359131e-01
2.895995676517486572e-01
1.578512042760848999e-01
1.466576009988784790e-01
6.803673505783081055e-02
1.181654110550880432e-01
9.877371788024902344e-02
2.085395306348800659e-01
1.131144091486930847e-01
1.210205405950546265e-01
9.502416104078292847e-02
9.895738959312438965e-02
1.660879254341125488e-01
1.583989858627319336e-01
2.088720053434371948e-01
1.587413251399993896e-01
8.612920343875885010e-02
1.481013000011444092e-01
2.537035644054412842e-01
2.030887156724929810e-01
1.087574809789657593e-01
1.229136660695075989e-01
9.275619685649871826e-02
1.873455345630645752e-01
1.635312139987945557e-01
9.024820476770401001e-02
2.678562104701995850e-01
2.723832428455352783e-01
1.501488089561462402e-01
1.036577969789505005e-01
1.162940338253974915e-01
8.230430632829666138e-02
1.112103685736656189e-01
1.224244982004165649e-01
2.731481492519378662e-01
1.925665587186813354e-01
2.628853023052215576e-01
1.821189373731613159e-01
1.262419074773788452e-01
1.416820883750915527e-01
1.365184485912322998e-01
1.009460538625717163e-01
1.817569583654403687e-01
2.210779488086700439e-01
9.876095503568649292e-02
1.646045148372650146e-01
1.831024885177612305e-01
1.561849117279052734e-01
1.571053415536880493e-01
8.351060748100280762e-02
9.318450838327407837e-02
1.345421522855758667e-01
1.236995086073875427e-01
1.061989665031433105e-01
1.551268398761749268e-01
1.520254760980606079e-01
1.877212226390838623e-01
3.198921680450439453e-01
1.681211143732070923e-01
9.237528592348098755e-02
8.565299212932586670e-02
1.195530295372009277e-01
1.065076738595962524e-01
2.174966335296630859e-01
1.845685988664627075e-01
1.656242311000823975e-01
1.490539312362670898e-01
9.217158704996109009e-02
1.008766368031501770e-01
1.054449602961540222e-01
1.258960515260696411e-01
1.173928976058959961e-01
2.092825621366500854e-01
1.362277716398239136e-01
2.062114179134368896e-01
3.886511027812957764e-01
2.878834009170532227e-01
1.317585259675979614e-01
4.165715724229812622e-02
1.147389337420463562e-01
8.890914171934127808e-02
1.434469670057296753e-01
1.339787244796752930e-01
1.383325010538101196e-01
2.524169981479644775e-01
1.490813195705413818e-01
1.305499076843261719e-01
7.938627898693084717e-02
7.519447058439254761e-02
2.412939518690109253e-01
2.088293731212615967e-01
1.493556350469589233e-01
1.064423322677612305e-01
1.385203003883361816e-01
1.356442719697952271e-01
1.905728429555892944e-01
1.269781291484832764e-01
1.269986331462860107e-01
1.293465644121170044e-01
1.716983169317245483e-01
1.145613044500350952e-01
1.541811376810073853e-01
3.420228362083435059e-01
2.234792113304138184e-01
1.073080077767372131e-01
6.542179733514785767e-02
1.075748726725578308e-01
1.789971292018890381e-01
1.578375846147537231e-01
2.260991632938385010e-01
1.676545441150665283e-01
2.451107352972030640e-01
1.006915047764778137e-01
2.041321843862533569e-01
1.509710848331451416e-01
1.585396677255630493e-01
1.672726497054100037e-02
1.672618463635444641e-02
1.228509284555912018e-02
1.594142057001590729e-02
4.272145628929138184e-01
9.075785055756568909e-03
1.221352163702249527e-02
1.218607462942600250e-02
1.168111525475978851e-02
6.926682312041521072e-03
8.062859065830707550e-03
8.017759770154953003e-03
3.173573687672615051e-02
5.326007604598999023e-01
3.744054585695266724e-02
8.741829544305801392e-03
1.126468274742364883e-02
1.203379314392805099e-02
1.046474650502204895e-02
1.407941803336143494e-02
2.448208443820476532e-02
2.674436196684837341e-02
4.818286895751953125e-01
9.846844710409641266e-03
1.859021931886672974e-02
1.156355813145637512e-02
1.051954366266727448e-02
5.776964128017425537e-03
1.067583169788122177e-02
2.083304338157176971e-02
4.461000859737396240e-02
5.326007604598999023e-01
5.460760742425918579e-02
1.393177732825279236e-02
9.201629087328910828e-03
1.121537573635578156e-02
2.084198035299777985e-02
2.688809670507907867e-02
3.143240883946418762e-02
7.176423072814941406e-02
6.623198390007019043e-01
9.122656285762786865e-02
2.446454763412475586e-02
2.200152538716793060e-02
2.592399716377258301e-02
1.456924434751272202e-02
2.034825272858142853e-02
5.515810102224349976e-02
8.270949125289916992e-02
1.167998611927032471e-01
5.126474425196647644e-02
3.213420137763023376e-02
2.818258851766586304e-02
2.177792973816394806e-02
4.240846633911132812e-02
2.615688368678092957e-02
4.356473311781883240e-02
7.659707963466644287e-02
6.623198390007019043e-01
1.402113139629364014e-01
3.818523138761520386e-02
2.166918851435184479e-02
3.744976967573165894e-02
6.945355236530303955e-02
3.012021631002426147e-02
4.866509884595870972e-02
7.883029431104660034e-02
1.104413941502571106e-01
8.191093802452087402e-02
2.613646537065505981e-02
2.428109943866729736e-02
4.323491081595420837e-02
5.541964620351791382e-02
5.089189484715461731e-02
1.167375668883323669e-01
1.645143628120422363e-01
2.826217710971832275e-01
1.729492098093032837e-01
1.418120563030242920e-01
8.460769802331924438e-02
8.643104135990142822e-02
6.126287207007408142e-02
1.449881494045257568e-01
2.231138646602630615e-01
2.313532531261444092e-01
2.846985161304473877e-01
1.991264522075653076e-01
1.796960234642028809e-01
9.347958117723464966e-02
1.039492636919021606e-01
1.854022890329360962e-01
1.193238943815231323e-01
1.241997927427291870e-01
1.493466496467590332e-01
2.728690207004547119e-01
1.327483654022216797e-01
8.278658986091613770e-02
9.631394594907760620e-02
1.461791545152664185e-01
9.299048036336898804e-02
1.712701171636581421e-01
2.427221089601516724e-01
2.425540387630462646e-01
2.406353503465652466e-01
1.678000539541244507e-01
1.572153270244598389e-01
9.490222483873367310e-02
1.136808320879936218e-01
5.750116333365440369e-02
2.319397628307342529e-01
3.162903785705566406e-01
2.357818037271499634e-01
1.424071341753005981e-01
8.129356801509857178e-02
8.866965025663375854e-02
7.916992157697677612e-02
9.908011555671691895e-02
1.521417796611785889e-01
2.121883332729339600e-01
2.594578266143798828e-01
2.050977200269699097e-01
7.758050411939620972e-02
1.208244785666465759e-01
1.521990299224853516e-01
3.267190456390380859e-01
2.529173791408538818e-01
4.100247472524642944e-02
1.224443912506103516e-01
2.716932594776153564e-01
2.125272899866104126e-01
1.686878502368927002e-01
1.248411014676094055e-01
8.602266758680343628e-02
6.273432821035385132e-02
6.626714766025543213e-02
5.804917216300964355e-02
1.112926900386810303e-01
1.602893620729446411e-01
1.538465917110443115e-01
9.180285781621932983e-02
1.191844269633293152e-01
1.669253557920455933e-01
1.467804163694381714e-01
8.959265053272247314e-02
1.630362868309020996e-01
1.229893416166305542e-01
6.988310068845748901e-02
6.954601407051086426e-02
4.711394384503364563e-02
7.103472203016281128e-02
9.926788508892059326e-02
3.852453827857971191e-01
3.852453827857971191e-01
2.919770479202270508e-01
1.832313239574432373e-01
8.649403601884841919e-02
1.253837198019027710e-01
1.132087931036949158e-01
6.502673774957656860e-02
1.246526688337326050e-01
3.852453827857971191e-01
3.852453827857971191e-01
5.662039294838905334e-02
9.891346096992492676e-02
6.434030830860137939e-02
5.515835061669349670e-02
3.443001583218574524e-02
4.782697930932044983e-02
9.120778739452362061e-02
1.175442710518836975e-01
8.635590970516204834e-02
1.355081200599670410e-01
1.353755742311477661e-01
1.133948639035224915e-01
1.626754403114318848e-01
1.038188189268112183e-01
5.150357633829116821e-02
7.839248329401016235e-02
6.554237753152847290e-02
7.885498553514480591e-02
3.791105449199676514e-01
1.554088145494461060e-01
7.591087371110916138e-02
6.970343738794326782e-02
7.877827435731887817e-02
3.767459467053413391e-02
8.949509263038635254e-02
2.081284821033477783e-01
4.156034886837005615e-01
4.156034886837005615e-01
1.605317145586013794e-01
7.249252498149871826e-02
2.260605059564113617e-02
2.373340353369712830e-02
2.923878096044063568e-02
4.862472042441368103e-02
1.828486174345016479e-01
4.156034886837005615e-01
1.318861395120620728e-01
8.326374739408493042e-02
7.425227016210556030e-02
1.391653418540954590e-01
1.125443652272224426e-01
4.683123528957366943e-02
7.649487257003784180e-02
5.483007431030273438e-02
6.398500502109527588e-02
1.478521227836608887e-01
1.211633905768394470e-01
1.428598016500473022e-01
8.399556577205657959e-02
8.829495310783386230e-02
3.731928393244743347e-02
6.230476498603820801e-02
1.031678989529609680e-01
8.203105628490447998e-02
4.124715924263000488e-01
7.396038621664047241e-02
3.555040061473846436e-02
1.136387232691049576e-02
2.505608648061752319e-02
2.048897184431552887e-02
7.427372783422470093e-02
1.835526376962661743e-01
4.124715924263000488e-01
4.124715924263000488e-01
2.218594588339328766e-02
2.997799590229988098e-02
3.859756141901016235e-02
1.047723889350891113e-01
8.727580308914184570e-02
1.338276267051696777e-01
2.274329513311386108e-01
4.124715924263000488e-01
8.513130247592926025e-02
9.241092950105667114e-02
1.081392616033554077e-01
5.512790009379386902e-02
8.409007638692855835e-02
3.939131647348403931e-02
7.249860465526580811e-02
1.364287137985229492e-01
9.317253530025482178e-02
7.371851801872253418e-02
3.889239206910133362e-02
6.342830508947372437e-02
7.802189886569976807e-02
1.314006596803665161e-01
1.135550960898399353e-01
1.340375989675521851e-01
1.435250043869018555e-01
1.401499211788177490e-01
4.051435887813568115e-01
4.051272571086883545e-02
3.074197471141815186e-02
3.929138928651809692e-02
4.731326922774314880e-02
5.302214995026588440e-02
7.067130506038665771e-02
2.122051119804382324e-01
4.051435887813568115e-01
4.051435887813568115e-01
1.240866482257843018e-01
7.196628302335739136e-02
4.311300441622734070e-02
1.537229120731353760e-02
8.351732045412063599e-03
4.392029717564582825e-02
2.560095489025115967e-01
4.051435887813568115e-01
1.061047837138175964e-01
4.466348886489868164e-02
3.856611996889114380e-02
3.709325939416885376e-02
6.930921226739883423e-02
6.889142841100692749e-02
9.322125464677810669e-02
1.159698143601417542e-01
1.447674334049224854e-01
1.725471764802932739e-01
1.142898425459861755e-01
9.909846633672714233e-02
1.199804469943046570e-01
8.860774338245391846e-02
3.508121147751808167e-02
5.628253519535064697e-02
9.053198248147964478e-02
1.836063563823699951e-01
4.096617400646209717e-01
1.094827130436897278e-01
4.334344714879989624e-02
2.325517870485782623e-02
1.975096203386783600e-02
8.460131473839282990e-03
1.304817665368318558e-02
1.290045976638793945e-01
4.096617400646209717e-01
4.096617400646209717e-01
8.080188930034637451e-02
2.095624618232250214e-02
1.216631010174751282e-02
1.617726869881153107e-02
1.616887375712394714e-02
2.255905233323574066e-02
1.298813968896865845e-01
4.096617400646209717e-01
1.452458947896957397e-01
1.043588370084762573e-01
6.004645675420761108e-02
1.025314331054687500e-01
7.524534314870834351e-02
3.605017438530921936e-02
2.859863452613353729e-02
5.012835934758186340e-02
1.817129403352737427e-01
1.943029910326004028e-01
6.087635457515716553e-02
2.244142442941665649e-02
5.033995956182479858e-02
5.897740647196769714e-02
6.817880272865295410e-02
8.884307742118835449e-02
9.946796298027038574e-02
3.287720680236816406e-01
3.593986630439758301e-01
4.229501634836196899e-02
1.243632938712835312e-02
3.263538237661123276e-03
8.586204610764980316e-03
6.843730807304382324e-03
2.388535998761653900e-02
1.431168317794799805e-01
3.593986630439758301e-01
3.593986630439758301e-01
3.679770976305007935e-02
2.412747032940387726e-02
1.155802514404058456e-02
9.160635061562061310e-03
2.999354340136051178e-02
3.981564193964004517e-02
1.353589296340942383e-01
3.593986630439758301e-01
1.528657376766204834e-01
2.615307830274105072e-02
1.877747476100921631e-02
3.194867447018623352e-02
3.567548096179962158e-02
4.457374662160873413e-02
7.592420279979705811e-02
1.314807236194610596e-01
3.504626452922821045e-01
2.951173186302185059e-01
2.104124426841735840e-02
3.885478898882865906e-02
4.469889029860496521e-02
4.698029160499572754e-02
6.534664332866668701e-02
8.655703067779541016e-02
1.578270047903060913e-01
3.593986630439758301e-01
1.004785075783729553e-01
3.985961899161338806e-02
7.466244697570800781e-02
4.641541093587875366e-02
1.253658682107925415e-01
1.221491172909736633e-01
9.705565124750137329e-02
1.370925009250640869e-01
1.309018284082412720e-01
5.049900338053703308e-02
6.646358221769332886e-02
7.380937039852142334e-02
8.715765178203582764e-02
1.422019600868225098e-01
1.024871915578842163e-01
5.920623242855072021e-02
1.067036017775535583e-01
8.892138302326202393e-02
3.101687133312225342e-01
7.253538817167282104e-02
4.739922657608985901e-02
3.231783211231231689e-02
5.423600599169731140e-02
3.095008805394172668e-02
1.751384884119033813e-01
3.784923851490020752e-01
3.784923851490020752e-01
1.952866166830062866e-01
6.487445533275604248e-02
1.252499967813491821e-01
1.142422035336494446e-01
9.732799977064132690e-02
7.343424856662750244e-02
2.204821705818176270e-01
3.784923851490020752e-01
3.515993654727935791e-01
6.989578157663345337e-02
1.911956220865249634e-01
1.635310649871826172e-01
1.555645912885665894e-01
8.735048770904541016e-02
4.216475039720535278e-02
2.615955099463462830e-02
5.847589299082756042e-02
6.746309995651245117e-02
1.704915016889572144e-01
3.326756954193115234e-01
2.119451016187667847e-01
1.506443172693252563e-01
4.272303357720375061e-02
2.114121615886688232e-02
3.310128673911094666e-02
3.905388340353965759e-02
9.338587522506713867e-02
3.203127086162567139e-01
2.045078575611114502e-01
2.892316877841949463e-01
1.577922403812408447e-01
5.718055739998817444e-02
4.372387379407882690e-02
7.689107954502105713e-02
2.170916348695755005e-01
2.620592117309570312e-01
2.787871360778808594e-01
2.310768365859985352e-01
1.969862878322601318e-01
1.243096664547920227e-01
5.074179172515869141e-02
1.331093013286590576e-01
4.921216517686843872e-02
1.343666166067123413e-01
2.432755529880523682e-01
2.565010190010070801e-01
2.876487672328948975e-01
1.498903781175613403e-01
1.061085239052772522e-01
7.012668997049331665e-02
8.558367192745208740e-02
8.828035742044448853e-02
1.121928915381431580e-01
2.191526889801025391e-01
2.052257061004638672e-01
2.076445817947387695e-01
1.078972294926643372e-01
1.047361418604850769e-01
1.752098649740219116e-01
1.754590570926666260e-01
8.270444720983505249e-02
1.354243606328964233e-01
2.217120677232742310e-01
1.846220344305038452e-01
1.421082317829132080e-01
1.118193119764328003e-01
1.239693462848663330e-01
9.888690710067749023e-02
2.411421239376068115e-01
1.255347728729248047e-01
1.850592494010925293e-01
1.841419637203216553e-01
1.911678016185760498e-01
1.765930205583572388e-01
1.220658421516418457e-01
1.471552997827529907e-01
2.331930845975875854e-01
1.986902654170989990e-01
1.162017285823822021e-01
1.110279932618141174e-01
1.768964827060699463e-01
1.171635687351226807e-01
1.495725214481353760e-01
1.219261884689331055e-01
1.247529536485671997e-01
1.872204393148422241e-01
1.086129322648048401e-01
8.063630014657974243e-02
7.975865900516510010e-02
9.365363419055938721e-02
7.142347842454910278e-02
1.032423451542854309e-01
1.243208199739456177e-01
1.838288903236389160e-01
2.787347435951232910e-01
2.793017625808715820e-01
1.651013046503067017e-01
3.923404589295387268e-02
6.801971793174743652e-02
1.252793371677398682e-01
1.171509772539138794e-01
1.661811321973800659e-01
2.210256308317184448e-01
3.385607600212097168e-01
1.829227060079574585e-01
8.023798465728759766e-02
8.238016068935394287e-02
1.032010838389396667e-01
1.766587495803833008e-01
1.340936273336410522e-01
1.703238934278488159e-01
2.473664730787277222e-01
2.870348691940307617e-01
2.260586619377136230e-01
1.855008453130722046e-01
9.021940827369689941e-02
1.162148565053939819e-01
1.387124508619308472e-01
1.494738757610321045e-01
1.214370280504226685e-01
1.970883905887603760e-01
2.418211698532104492e-01
2.078155875205993652e-01
1.278002262115478516e-01
3.262617439031600952e-02
8.176534622907638550e-02
1.530162096023559570e-01
1.541160345077514648e-01
1.865510493516921997e-01
1.768751591444015503e-01
1.818162202835083008e-01
1.066452264785766602e-01
1.661016345024108887e-01
1.186392754316329956e-01
8.267531543970108032e-02
1.712881177663803101e-01
1.930548995733261108e-01
1.066850200295448303e-01
2.431507855653762817e-01
2.446916401386260986e-01
2.127621769905090332e-01
1.941636949777603149e-01
8.028301596641540527e-02
9.639743715524673462e-02
1.419611275196075439e-01
2.532831132411956787e-01
2.247832864522933960e-01
2.203015983104705811e-01
1.989445686340332031e-01
1.296925395727157593e-01
1.291539669036865234e-01
1.122196242213249207e-01
6.126663088798522949e-02
6.833809893578290939e-03
7.611101958900690079e-03
2.013880759477615356e-02
2.342931181192398071e-02
4.300969243049621582e-01
1.099113095551729202e-02
1.576993614435195923e-02
9.912142530083656311e-03
4.744804464280605316e-03
3.580604679882526398e-03
5.671195220202207565e-03
1.808895915746688843e-02
4.194632545113563538e-02
5.311143994331359863e-01
3.199318051338195801e-02
1.056247483938932419e-02
7.950333878397941589e-03
4.048641771078109741e-03
8.414885029196739197e-03
1.213737763464450836e-02
2.312450110912322998e-02
2.571572363376617432e-02
4.851520061492919922e-01
1.119500491768121719e-02
9.419647045433521271e-03
7.559431716799736023e-03
4.178073722869157791e-03
3.138011321425437927e-03
5.251553840935230255e-03
1.526701822876930237e-02
4.890447482466697693e-02
5.311143994331359863e-01
2.866345085203647614e-02
8.067060261964797974e-03
4.490207415074110031e-03
2.729929983615875244e-03
5.373623594641685486e-02
2.297735586762428284e-02
3.977864235639572144e-02
8.357311040163040161e-02
6.654971241950988770e-01
8.130059391260147095e-02
3.064157627522945404e-02
2.444319054484367371e-02
3.130219876766204834e-02
1.096438094973564148e-01
4.848811775445938110e-02
5.522133037447929382e-02
6.925871223211288452e-02
5.014098808169364929e-02
6.399811804294586182e-02
2.486922778189182281e-02
2.081490494310855865e-02
5.943123996257781982e-02
4.573517292737960815e-02
3.633119538426399231e-02
3.950148075819015503e-02
1.056636348366737366e-01
6.654971241950988770e-01
5.803639069199562073e-02
2.336761169135570526e-02
2.102444693446159363e-02
2.966850250959396362e-02
9.296498447656631470e-02
5.330610647797584534e-02
5.658071860671043396e-02
5.735173448920249939e-02
5.702051147818565369e-02
4.262334853410720825e-02
3.781029209494590759e-02
3.996635600924491882e-02
7.496133446693420410e-02
2.644441425800323486e-01
2.226659357547760010e-01
1.869610548019409180e-01
1.181013733148574829e-01
1.015710607171058655e-01
8.070665597915649414e-02
6.772509962320327759e-02
8.419924229383468628e-02
1.910400390625000000e-01
1.127568557858467102e-01
1.772930175065994263e-01
2.655952274799346924e-01
2.260186523199081421e-01
1.600863635540008545e-01
1.196570023894309998e-01
8.589512854814529419e-02
7.667056471109390259e-02
1.541616320610046387e-01
2.445888072252273560e-01
2.004723250865936279e-01
1.997247636318206787e-01
8.685515075922012329e-02
1.144639402627944946e-01
8.197977393865585327e-02
1.023827344179153442e-01
1.081840619444847107e-01
2.230548113584518433e-01
1.043414026498794556e-01
1.567966341972351074e-01
2.741196155548095703e-01
2.892689108848571777e-01
2.242775261402130127e-01
8.469285815954208374e-02
7.845666259527206421e-02
8.250286430120468140e-02
1.253197044134140015e-01
2.893376536667346954e-02
6.817325204610824585e-02
2.777146697044372559e-01
2.655167579650878906e-01
2.606305181980133057e-01
1.973595321178436279e-01
1.034128516912460327e-01
8.607259392738342285e-02
7.539317011833190918e-02
6.576469540596008301e-02
1.481186747550964355e-01
1.278329491615295410e-01
1.203273087739944458e-01
2.010257244110107422e-01
1.570365875959396362e-01
1.916871964931488037e-01
1.600765287876129150e-01
9.030407667160034180e-02
4.477391764521598816e-02
1.000948771834373474e-01
2.419629842042922974e-01
2.688388228416442871e-01
2.507544457912445068e-01
1.857473403215408325e-01
1.134081780910491943e-01
9.780161827802658081e-02
6.636227667331695557e-02
8.596805483102798462e-02
2.136106342077255249e-01
1.777846068143844604e-01
1.021186485886573792e-01
3.032121360301971436e-01
1.754286587238311768e-01
1.152070984244346619e-01
1.160288229584693909e-01
8.530802279710769653e-02
1.067956089973449707e-01
2.111044675111770630e-01
1.499075740575790405e-01
6.933312863111495972e-02
1.091373711824417114e-01
5.328033119440078735e-02
1.047546118497848511e-01
1.104376167058944702e-01
7.923070341348648071e-02
1.972591876983642578e-01
2.738564014434814453e-01
2.412829995155334473e-01
2.148574888706207275e-01
1.300660818815231323e-01
6.049601361155509949e-02
1.043212413787841797e-01
9.200381487607955933e-02
1.044364273548126221e-01
1.083969175815582275e-01
1.785342395305633545e-01
1.898734569549560547e-01
9.065166860818862915e-02
2.421934604644775391e-01
1.169648095965385437e-01
1.150205954909324646e-01
1.087020859122276306e-01
9.567559510469436646e-02
1.420549750328063965e-01
2.214322984218597412e-01
3.779803514480590820e-01
2.098622024059295654e-01
2.795143723487854004e-01
1.586534529924392700e-01
1.456802189350128174e-01
1.117502450942993164e-01
1.064783483743667603e-01
1.873310357332229614e-01
1.762464195489883423e-01
1.224353164434432983e-01
2.010949105024337769e-01
1.598166376352310181e-01
9.591681510210037231e-02
1.626721769571304321e-01
1.692480593919754028e-01
1.211283951997756958e-01
1.405460834503173828e-01
1.434991210699081421e-01
2.107303738594055176e-01
1.291463971138000488e-01
2.191613018512725830e-01
9.062995761632919312e-02
1.534443497657775879e-01
2.112775743007659912e-01
1.127472668886184692e-01
1.132460385560989380e-01
1.933455765247344971e-01
2.219623476266860962e-01
2.024409919977188110e-01
2.482699006795883179e-01
1.375248432159423828e-01
1.483635157346725464e-01
1.475539654493331909e-01
1.019158661365509033e-01
1.585444808006286621e-01
1.490432024002075195e-01
1.509016901254653931e-01
1.199616566300392151e-01
2.155245095491409302e-01
1.627106219530105591e-01
1.776975691318511963e-01
2.152846157550811768e-01
1.429580152034759521e-01
5.982212722301483154e-02
1.080865561962127686e-01
1.754261404275894165e-01
1.002725660800933838e-01
2.370784431695938110e-01
1.311709433794021606e-01
9.546303749084472656e-02
1.587830632925033569e-01
9.544942528009414673e-02
4.254322871565818787e-02
9.307954460382461548e-02
1.245839521288871765e-01
1.055947467684745789e-01
2.225981652736663818e-01
2.393468320369720459e-01
2.213426232337951660e-01
1.850690841674804688e-01
1.425205171108245850e-01
1.310027092695236206e-01
9.419506788253784180e-02
1.055375784635543823e-01
7.045896351337432861e-02
2.018767297267913818e-01
2.056647688150405884e-01
1.718541979789733887e-01
1.731527745723724365e-01
1.166217550635337830e-01
5.102619528770446777e-02
6.717018783092498779e-02
6.435636430978775024e-02
1.008415669202804565e-01
2.833496630191802979e-01
3.093387782573699951e-01
3.465190827846527100e-01
2.228382080793380737e-01
9.982778131961822510e-02
5.076377093791961670e-02
6.928088515996932983e-02
8.984652161598205566e-02
8.510983735322952271e-02
2.028082311153411865e-01
1.883490085601806641e-01
2.034034132957458496e-01
1.339513957500457764e-01
1.068438813090324402e-01
1.273916065692901611e-01
6.724626570940017700e-02
1.304269433021545410e-01
2.705494165420532227e-01
2.899396121501922607e-01
1.634229570627212524e-01
1.390021145343780518e-01
8.995833247900009155e-02
1.334623992443084717e-01
4.064711183309555054e-02
3.484253212809562683e-02
6.122052296996116638e-02
1.076982468366622925e-01
2.564886510372161865e-01
2.207860052585601807e-01
2.966311573982238770e-01
1.693074852228164673e-01
9.844990074634552002e-02
9.076466411352157593e-02
7.683233171701431274e-02
1.505224853754043579e-01
2.706240713596343994e-01
3.181650638580322266e-01
1.523253917694091797e-01
1.778633594512939453e-01
1.328430175781250000e-01
1.268839985132217407e-01
1.015514358878135681e-01
8.213695883750915527e-02
1.190025880932807922e-01
2.527147829532623291e-01
1.995362639427185059e-01
1.026495620608329773e-01
8.020932227373123169e-02
6.857449561357498169e-02
1.448731869459152222e-01
1.006313711404800415e-01
1.037705913186073303e-01
9.274564683437347412e-02
1.808667331933975220e-01
1.737066507339477539e-01
1.862085461616516113e-01
2.192048281431198120e-01
1.287687271833419800e-01
1.505785584449768066e-01
9.591314196586608887e-02
1.560636311769485474e-01
2.695598602294921875e-01
2.712150216102600098e-01
2.013795077800750732e-01
8.139785379171371460e-02
6.776823103427886963e-02
8.734411001205444336e-02
1.097763106226921082e-01
1.316870003938674927e-01
2.015211880207061768e-01
2.492312341928482056e-01
2.686264812946319580e-01
2.660225033760070801e-01
1.580773890018463135e-01
1.564505994319915771e-01
1.212526485323905945e-01
1.604453474283218384e-01
1.417633891105651855e-01
7.770300656557083130e-02
7.097678631544113159e-02
1.366664916276931763e-01
1.220881566405296326e-01
1.680786609649658203e-01
2.195778787136077881e-01
1.606611609458923340e-01
1.296484321355819702e-01
1.321615725755691528e-01
6.248891726136207581e-02
1.058302298188209534e-01
1.500661373138427734e-01
1.812827587127685547e-01
2.545345723628997803e-01
2.297207117080688477e-01
1.772112101316452026e-01
1.100571304559707642e-01
1.876190304756164551e-01
1.095880046486854553e-01
1.314782053232192993e-01
2.065186351537704468e-01
1.828049272298812866e-01
1.773946136236190796e-01
2.095919102430343628e-01
1.404241174459457397e-01
1.095561906695365906e-01
2.916853725910186768e-01
1.722813844680786133e-01
1.972159892320632935e-01
2.015959769487380981e-01
1.188221648335456848e-01
1.870366930961608887e-01
2.060064375400543213e-01
1.465459614992141724e-01
9.091460704803466797e-02
1.183927953243255615e-01
1.710129342973232269e-02
1.349419355392456055e-03
2.033480675891041756e-03
1.807232038117945194e-03
4.453504458069801331e-03
1.164021715521812439e-01
3.246362507343292236e-01
3.246362507343292236e-01
1.436666399240493774e-01
2.033341675996780396e-02
2.486616186797618866e-02
2.299310266971588135e-02
1.320632267743349075e-02
2.571997977793216705e-02
1.631838679313659668e-01
3.246362507343292236e-01
3.246362507343292236e-01
5.330805853009223938e-02
1.340086665004491806e-02
5.296641495078802109e-03
3.847240237519145012e-03
8.797074668109416962e-03
1.380471326410770416e-02
1.111547499895095825e-01
3.246362507343292236e-01
3.246362507343292236e-01
1.253373622894287109e-01
1.354520488530397415e-02
5.133685655891895294e-03
8.419453166425228119e-03
9.128221310675144196e-03
2.368081361055374146e-02
2.092165052890777588e-01
3.246362507343292236e-01
3.246362507343292236e-01
2.898685932159423828e-01
6.004501506686210632e-02
6.682006269693374634e-02
3.099733032286167145e-02
2.999160811305046082e-02
3.988794609904289246e-02
8.113157004117965698e-02
1.871263980865478516e-01
3.052179813385009766e-01
1.644689291715621948e-01
3.992079198360443115e-02
3.096834756433963776e-02
2.193683572113513947e-02
9.061062335968017578e-02
1.638828217983245850e-01
5.293902009725570679e-02
8.809377253055572510e-02
1.610615998506546021e-01
2.057588547468185425e-01
3.895063325762748718e-02
2.444780617952346802e-02
2.652527950704097748e-02
7.064630091190338135e-02
1.473886370658874512e-01
3.052179813385009766e-01
3.052179813385009766e-01
3.052179813385009766e-01
8.488044887781143188e-02
3.520866110920906067e-02
5.205183103680610657e-02
7.107364386320114136e-02
2.686203718185424805e-01
3.052179813385009766e-01
3.052179813385009766e-01
1.665532290935516357e-01
1.059751734137535095e-01
9.046754240989685059e-02
5.437992885708808899e-02
4.317505285143852234e-02
5.618858709931373596e-02
2.023437917232513428e-01
3.346741497516632080e-01
1.041679233312606812e-01
1.290313303470611572e-01
1.313702017068862915e-01
8.310340344905853271e-02
9.414525330066680908e-02
1.142133399844169617e-01
1.386080831289291382e-01
1.798713058233261108e-01
1.375419944524765015e-01
8.322563022375106812e-02
4.870159551501274109e-02
9.577576071023941040e-02
7.152898609638214111e-02
7.507059723138809204e-02
8.078764379024505615e-02
1.015781685709953308e-01
3.868233859539031982e-01
3.868233859539031982e-01
2.725691497325897217e-01
1.068788021802902222e-01
1.033146530389785767e-01
9.476313740015029907e-02
1.404943615198135376e-01
1.471449285745620728e-01
2.019442915916442871e-01
2.988907694816589355e-01
1.917010396718978882e-01
1.159844249486923218e-01
5.326658859848976135e-02
8.784445375204086304e-02
4.782805219292640686e-02
7.300104945898056030e-02
1.745719164609909058e-01
2.450344115495681763e-01
2.780026793479919434e-01
1.630225628614425659e-01
6.920825690031051636e-02
3.513266146183013916e-02
4.949358105659484863e-02
1.608575135469436646e-01
1.247812882065773010e-01
1.727790981531143188e-01
1.835666149854660034e-01
2.098222672939300537e-01
1.317043006420135498e-01
9.318403899669647217e-02
9.828630089759826660e-02
1.552070677280426025e-01
3.789272904396057129e-02
7.425085455179214478e-02
1.146812736988067627e-01
3.185707330703735352e-01
3.763244152069091797e-01
2.607643902301788330e-01
1.187144741415977478e-01
2.695120871067047119e-02
1.786016114056110382e-02
1.274559348821640015e-01
1.052605509757995605e-01
1.147909834980964661e-01
1.908927410840988159e-01
2.352085113525390625e-01
2.146179527044296265e-01
1.382900327444076538e-01
1.233431696891784668e-01
1.340286731719970703e-01
1.500077098608016968e-01
9.721263498067855835e-02
5.876758694648742676e-02
1.168196499347686768e-01
1.616844385862350464e-01
1.338395476341247559e-01
1.158182173967361450e-01
1.607499569654464722e-01
1.815074235200881958e-01
1.152126565575599670e-01
1.270562261343002319e-01
1.385869234800338745e-01
1.688064336776733398e-01
1.998677700757980347e-01
1.525341719388961792e-01
1.537880003452301025e-01
1.448311060667037964e-01
9.051880240440368652e-02
2.007858455181121826e-01
7.231009751558303833e-02
5.947240442037582397e-02
9.524494409561157227e-02
8.710027486085891724e-02
1.561369299888610840e-01
1.171016246080398560e-01
2.353166192770004272e-01
2.512908279895782471e-01
2.454868555068969727e-01
8.293084055185317993e-02
5.804226547479629517e-02
1.734185218811035156e-01
2.679411768913269043e-01
2.354405224323272705e-01
1.954115331172943115e-01
2.871372103691101074e-01
2.583384215831756592e-01
9.800210595130920410e-03
1.257415860891342163e-02
2.188829518854618073e-02
2.268625982105731964e-02
4.305277168750762939e-01
1.190939545631408691e-02
1.010846439749002457e-02
5.208516027778387070e-03
3.122478025034070015e-03
3.781077452003955841e-03
6.090713199228048325e-03
1.208548340946435928e-02
3.563100844621658325e-02
5.257247090339660645e-01
3.377822414040565491e-02
5.837435834109783173e-03
2.812854479998350143e-03
2.621861873194575310e-03
1.524993684142827988e-02
1.179543603211641312e-02
1.134865637868642807e-02
2.762922085821628571e-02
4.962150454521179199e-01
2.205890230834484100e-02
1.771793887019157410e-02
1.914997026324272156e-02
1.473908871412277222e-02
5.779423750936985016e-03
9.445940144360065460e-03
1.173032727092504501e-02
4.005550965666770935e-02
5.257247090339660645e-01
3.793155401945114136e-02
1.001509279012680054e-02
9.813353419303894043e-03
7.689213845878839493e-03
1.965731941163539886e-02
2.977432310581207275e-02
3.564367443323135376e-02
7.065311819314956665e-02
6.803473830223083496e-01
6.455586850643157959e-02
1.561056915670633316e-02
1.981923729181289673e-02
1.591562293469905853e-02
4.932333156466484070e-02
2.753250300884246826e-02
4.979029297828674316e-02
5.489505454897880554e-02
4.848207533359527588e-02
2.877399884164333344e-02
3.146681562066078186e-02
4.254021495580673218e-02
3.684265911579132080e-02
8.714672178030014038e-03
2.964322641491889954e-02
4.831830784678459167e-02
5.624678358435630798e-02
6.803473830223083496e-01
7.966669648885726929e-02
2.967372909188270569e-02
4.238940775394439697e-02
2.055361308157444000e-02
4.046828299760818481e-02
3.901601210236549377e-02
7.039191573858261108e-02
4.807445034384727478e-02
6.394729763269424438e-02
3.485570475459098816e-02
3.792050853371620178e-02
6.656540185213088989e-02
3.677869215607643127e-02
1.824506968259811401e-01
6.411723792552947998e-02
1.261360198259353638e-01
1.466802358627319336e-01
1.252694875001907349e-01
7.580714672803878784e-02
9.459347277879714966e-02
1.091495454311370850e-01
1.303375214338302612e-01
6.867574155330657959e-02
5.673354864120483398e-02
1.899997293949127197e-01
2.915478944778442383e-01
2.739864289760589600e-01
1.113991290330886841e-01
1.155236065387725830e-01
7.683578878641128540e-02
5.622516572475433350e-02
2.093416899442672729e-01
1.321402639150619507e-01
2.128959298133850098e-01
1.803501844406127930e-01
1.555881500244140625e-01
1.035128906369209290e-01
1.245714575052261353e-01
1.312714219093322754e-01
1.386157125234603882e-01
1.247614398598670959e-01
9.816968441009521484e-02
3.010748028755187988e-01
2.694682180881500244e-01
2.657839953899383545e-01
2.450396716594696045e-01
2.246964573860168457e-01
8.848875761032104492e-02
1.385437101125717163e-01
2.381981164216995239e-02
5.919094756245613098e-02
1.374582350254058838e-01
1.796040832996368408e-01
2.391133159399032593e-01
1.691844910383224487e-01
1.341534554958343506e-01
9.706661850214004517e-02
4.542367532849311829e-02
6.088085472583770752e-02
1.277556717395782471e-01
1.183459535241127014e-01
1.127389147877693176e-01
2.233027964830398560e-01
1.696710586547851562e-01
1.554509103298187256e-01
1.567396372556686401e-01
7.262663543224334717e-02
3.778102621436119080e-02
5.918766930699348450e-02
1.866949796676635742e-01
1.993129253387451172e-01
2.917654216289520264e-01
3.087910711765289307e-01
2.138126343488693237e-01
1.026414632797241211e-01
7.740776985883712769e-02
7.637972384691238403e-02
1.024787575006484985e-01
1.195080205798149109e-01
2.192873805761337280e-01
2.933400869369506836e-01
2.245580703020095825e-01
2.788164615631103516e-01
1.503479629755020142e-01
8.937431871891021729e-02
5.745477601885795593e-02
7.570217549800872803e-02
1.291154772043228149e-01
1.329154968261718750e-01
1.894287765026092529e-01
1.148231551051139832e-01
1.245663762092590332e-01
1.257319301366806030e-01
7.324096560478210449e-02
2.922140806913375854e-02
6.714512407779693604e-02
2.540841400623321533e-01
1.931680887937545776e-01
3.480997085571289062e-01
1.564981192350387573e-01
1.481214910745620728e-01
1.117781773209571838e-01
9.076596796512603760e-02
8.275841921567916870e-02
1.211011782288551331e-01
1.383469998836517334e-01
2.110879719257354736e-01
2.368755489587783813e-01
1.173746660351753235e-01
1.613520979881286621e-01
8.943808823823928833e-02
8.510592579841613770e-02
8.972205221652984619e-02
1.931867748498916626e-01
2.177692055702209473e-01
2.666387259960174561e-01
3.565649390220642090e-01
1.597980409860610962e-01
1.582151949405670166e-01
1.468449980020523071e-01
1.077264025807380676e-01
2.100075967609882355e-02
6.484925746917724609e-02
1.645856201648712158e-01
1.765793114900588989e-01
2.753709554672241211e-01
1.275018900632858276e-01
1.218380630016326904e-01
9.660893678665161133e-02
5.429147183895111084e-02
1.172595173120498657e-01
9.340419620275497437e-02
1.333070844411849976e-01
1.484543085098266602e-01
1.912868618965148926e-01
1.402050852775573730e-01
1.200705617666244507e-01
1.223628371953964233e-01
1.023392528295516968e-01
1.173613443970680237e-01
1.675825119018554688e-01
1.849929243326187134e-01
2.110817581415176392e-01
2.606366276741027832e-01
1.735864430665969849e-01
1.560869365930557251e-01
2.116304486989974976e-01
8.708138763904571533e-02
1.487554013729095459e-01
1.281266361474990845e-01
1.836372315883636475e-01
2.402702271938323975e-01
3.093890547752380371e-01
2.326527982950210571e-01
1.826462149620056152e-01
1.788377761840820312e-01
1.219432651996612549e-01
1.125513613224029541e-01
5.357283353805541992e-02
7.471551001071929932e-02
8.454752713441848755e-02
1.192689761519432068e-01
1.736375093460083008e-01
1.437344998121261597e-01
1.495582461357116699e-01
1.069708913564682007e-01
3.399792686104774475e-02
1.663972809910774231e-02
2.631027810275554657e-02
1.139637753367424011e-01
2.136839032173156738e-01
2.849102616310119629e-01
2.859939038753509521e-01
1.746356189250946045e-01
7.647026330232620239e-02
8.001437038183212280e-02
5.524346232414245605e-02
9.344923496246337891e-02
1.446303427219390869e-01
2.639484107494354248e-01
2.521168887615203857e-01
1.856204867362976074e-01
1.207323819398880005e-01
1.064322367310523987e-01
3.041097708046436310e-02
4.577054083347320557e-02
7.221468538045883179e-02
1.195014044642448425e-01
3.017262816429138184e-01
2.970106899738311768e-01
3.675621449947357178e-01
1.667362600564956665e-01
1.082110628485679626e-01
4.436691850423812866e-02
2.531556226313114166e-02
2.990679442882537842e-02
1.011566743254661560e-01
1.929820179939270020e-01
2.351187169551849365e-01
3.015146255493164062e-01
1.723556369543075562e-01
9.389492869377136230e-02
7.454027980566024780e-02
1.271173357963562012e-01
1.232872307300567627e-01
2.028490602970123291e-01
1.564718484878540039e-01
1.353364139795303345e-01
1.979996860027313232e-01
1.426667124032974243e-01
9.847765415906906128e-02
4.942982271313667297e-02
6.488318741321563721e-02
7.176354527473449707e-02
9.465277194976806641e-02
2.331643104553222656e-01
2.437778413295745850e-01
3.756545186042785645e-01
1.573187410831451416e-01
1.019227057695388794e-01
1.069276779890060425e-01
1.694556325674057007e-01
1.729654222726821899e-01
1.460482478141784668e-01
1.749886274337768555e-01
2.243412435054779053e-01
2.585355341434478760e-01
1.202897652983665466e-01
7.569514960050582886e-02
7.169549912214279175e-02
1.919726133346557617e-01
2.234885394573211670e-01
2.273076027631759644e-01
1.243313103914260864e-01
5.243481695652008057e-02
8.767034858465194702e-02
1.014114096760749817e-01
6.866393238306045532e-02
2.015306800603866577e-01
2.472259700298309326e-01
2.469801604747772217e-01
2.204671055078506470e-01
2.000202238559722900e-01
7.030418515205383301e-02
1.171531379222869873e-01
1.292558759450912476e-01
1.598231643438339233e-01
8.358250558376312256e-02
1.798487752676010132e-01
2.452417612075805664e-01
2.235046774148941040e-01
1.732018291950225830e-01
1.304610669612884521e-01
1.256161630153656006e-01
7.970166951417922974e-02
4.220081120729446411e-02
1.613488942384719849e-01
2.447431087493896484e-01
2.543750405311584473e-01
2.026402950286865234e-01
2.154991179704666138e-01
9.205203503370285034e-02
9.754019230604171753e-02
1.010503098368644714e-01
1.119828522205352783e-01
2.493298053741455078e-01
1.653286814689636230e-01
1.346206367015838623e-01
1.409038752317428589e-01
1.134588345885276794e-01
1.288703680038452148e-01
1.615616083145141602e-01
1.005259454250335693e-01
1.445630490779876709e-01
3.495237529277801514e-01
2.383396178483963013e-01
1.684291958808898926e-01
1.238441467285156250e-01
4.679452627897262573e-02
1.483639478683471680e-01
1.750574856996536255e-01
1.216963678598403931e-01
1.192391589283943176e-01
2.056468278169631958e-01
1.604969799518585205e-01
1.439524143934249878e-01
9.751984477043151855e-02
1.190069168806076050e-01
1.087685674428939819e-01
1.539845317602157593e-01
1.266803294420242310e-01
1.718139350414276123e-01
1.863299012184143066e-01
1.977388411760330200e-01
1.793580204248428345e-01
1.050756424665451050e-01
1.017104834318161011e-01
2.023709863424301147e-01
2.416973263025283813e-01
1.894667148590087891e-01
1.389923244714736938e-01
7.453960925340652466e-02
5.261614546179771423e-02
1.176617015153169632e-02
1.553800236433744431e-02
3.269575908780097961e-02
2.218649350106716156e-02
3.244591876864433289e-02
1.171917691826820374e-01
9.296494722366333008e-02
1.412229835987091064e-01
1.193268299102783203e-01
1.572003588080406189e-02
2.259291335940361023e-02
2.576267160475254059e-02
2.165092527866363525e-02
9.977707266807556152e-02
2.714044153690338135e-01
1.816921532154083252e-01
3.508362472057342529e-01
3.508362472057342529e-01
1.661963202059268951e-02
1.294824201613664627e-02
2.422330714762210846e-02
1.042466145008802414e-02
9.290415793657302856e-03
3.103306889533996582e-01
3.508362472057342529e-01
3.508362472057342529e-01
3.508362472057342529e-01
2.989044226706027985e-02
1.902441121637821198e-02
1.843998208642005920e-02
1.169693376868963242e-02
1.398462615907192230e-02
1.122880131006240845e-01
2.874051332473754883e-01
1.550270915031433105e-01
7.058499008417129517e-02
2.245377749204635620e-02
4.253792762756347656e-02
5.175272747874259949e-02
1.161234527826309204e-01
2.755295038223266602e-01
2.440987080335617065e-01
1.599894165992736816e-01
6.872002035379409790e-02
5.140199139714241028e-02
4.524636641144752502e-02
1.043460741639137268e-01
1.592101752758026123e-01
2.723824083805084229e-01
2.841719090938568115e-01
1.061384156346321106e-01
8.925543725490570068e-02
2.841719090938568115e-01
2.841719090938568115e-01
2.628468163311481476e-02
4.335312917828559875e-02
3.757052123546600342e-02
5.298081412911415100e-02
7.807021588087081909e-02
5.772375315427780151e-02
2.841719090938568115e-01
2.841719090938568115e-01
2.018309682607650757e-01
6.949538737535476685e-02
1.556064933538436890e-01
1.299253255128860474e-01
1.659725308418273926e-01
1.787901371717453003e-01
5.088010430335998535e-02
2.841719090938568115e-01
8.420543372631072998e-02
1.286045163869857788e-01
1.087811142206192017e-01
1.524565368890762329e-01
2.568424940109252930e-01
3.132484257221221924e-01
3.189495503902435303e-01
6.564228236675262451e-02
9.516845643520355225e-02
1.034650951623916626e-01
1.738141030073165894e-01
1.085400357842445374e-01
1.452692300081253052e-01
1.819890588521957397e-01
9.645922482013702393e-02
7.339341938495635986e-02
3.170123323798179626e-02
6.881473213434219360e-02
1.916057169437408447e-01
2.682503461837768555e-01
1.721153557300567627e-01
2.588153183460235596e-01
2.188142985105514526e-01
2.167459875345230103e-01
2.341562807559967041e-01
1.054325774312019348e-01
1.770802587270736694e-01
1.174065917730331421e-01
1.846920996904373169e-01
1.305139064788818359e-01
1.223644837737083435e-01
1.724931150674819946e-01
6.495794653892517090e-02
9.901574254035949707e-02
5.875582993030548096e-02
8.363234996795654297e-02
4.306781664490699768e-02
9.645704180002212524e-02
8.312124013900756836e-02
2.492874562740325928e-01
3.060388565063476562e-01
2.020565718412399292e-01
1.340775489807128906e-01
2.891334518790245056e-02
3.759086504578590393e-02
7.104729115962982178e-02
7.911498099565505981e-02
5.369260907173156738e-02
1.413602977991104126e-01
2.216507941484451294e-01
2.168499380350112915e-01
1.899582296609878540e-01
9.521058201789855957e-02
7.400278002023696899e-02
1.180608123540878296e-01
1.731589734554290771e-01
1.564637422561645508e-01
1.487078517675399780e-01
2.002154141664505005e-01
1.035224497318267822e-01
1.545798480510711670e-01
9.254785627126693726e-02
1.137965843081474304e-01
2.457828968763351440e-01
2.596130967140197754e-01
1.125080212950706482e-01
1.036727279424667358e-01
1.326951980590820312e-01
1.765583008527755737e-01
3.123034536838531494e-01
2.441830486059188843e-01
1.909616887569427490e-01
1.066668778657913208e-01
6.553155928850173950e-02
3.306319192051887512e-02
7.241061329841613770e-02
9.482712298631668091e-02
1.127054765820503235e-01
9.215301275253295898e-02
8.510143309831619263e-02
9.418355673551559448e-02
1.786629855632781982e-01
7.248453050851821899e-02
4.141455888748168945e-02
8.438561856746673584e-02
1.749792695045471191e-01
1.108233183622360229e-01
9.105458110570907593e-02
1.349578797817230225e-01
1.918132752180099487e-01
3.725466728210449219e-01
3.305339813232421875e-01
4.138327017426490784e-02
4.870704934000968933e-02
6.564075499773025513e-02
9.423556923866271973e-02
1.260585933923721313e-01
1.206481680274009705e-01
2.457952499389648438e-01
3.883436620235443115e-01
2.952267229557037354e-01
3.283236548304557800e-02
2.902734465897083282e-02
6.395513564348220825e-02
5.369600281119346619e-02
4.859993606805801392e-02
1.392433941364288330e-01
3.883436620235443115e-01
1.808684132993221283e-02
1.402053516358137131e-02
8.475489914417266846e-03
1.631261408329010010e-02
4.292162060737609863e-01
2.175039611756801605e-02
1.047211885452270508e-02
2.168069779872894287e-02
2.394754067063331604e-02
1.446520071476697922e-02
1.229316275566816330e-02
9.888768196105957031e-03
3.485881164669990540e-02
5.194234848022460938e-01
3.488157317042350769e-02
6.617223378270864487e-03
1.283010561019182205e-02
2.055792696774005890e-02
9.299471974372863770e-02
3.229947760701179504e-02
5.385538563132286072e-03
1.070214528590440750e-02
4.574166238307952881e-01
5.043392628431320190e-02
4.015736281871795654e-03
1.904603652656078339e-02
8.286127448081970215e-02
6.648050248622894287e-02
2.988100051879882812e-02
5.819056183099746704e-03
1.134380251169204712e-01
5.194234848022460938e-01
1.062038466334342957e-01
2.342163119465112686e-03
1.335033774375915527e-02
8.027915656566619873e-02
4.931096360087394714e-02
4.141244292259216309e-02
3.629396855831146240e-02
4.491224884986877441e-02
5.383145213127136230e-01
4.156277701258659363e-02
1.869157515466213226e-02
2.424876019358634949e-02
6.106413900852203369e-02
6.885172426700592041e-02
5.863262712955474854e-02
4.831492528319358826e-02
1.462294906377792358e-02
3.431257605552673340e-02
1.681767217814922333e-02
2.563701383769512177e-02
4.759581014513969421e-02
9.563875198364257812e-02
2.076323926448822021e-01
8.501916378736495972e-02
2.738543786108493805e-02
1.607000082731246948e-01
5.383145213127136230e-01
6.376627087593078613e-02
7.742877583950757980e-03
2.829796820878982544e-02
2.606624662876129150e-01
2.723487317562103271e-01
7.926993072032928467e-02
2.606444619596004486e-02
2.532924991101026535e-03
3.370387945324182510e-03
5.645575001835823059e-03
1.035633962601423264e-02
6.512039899826049805e-02
3.763087987899780273e-01
1.538185030221939087e-01
9.086981415748596191e-02
1.159148737788200378e-01
4.269089177250862122e-02
5.647629871964454651e-02
5.090282857418060303e-02
5.649945512413978577e-02
7.104823738336563110e-02
1.792141646146774292e-01
1.388474404811859131e-01
9.252562373876571655e-02
1.360915303230285645e-01
6.836026161909103394e-02
1.399490982294082642e-01
1.270032674074172974e-01
9.337405860424041748e-02
6.081724911928176880e-02
1.373428702354431152e-01
3.626434803009033203e-01
1.629342585802078247e-01
5.488159134984016418e-02
7.804991677403450012e-03
1.335174310952425003e-02
2.470847778022289276e-02
7.135037332773208618e-02
2.092953324317932129e-01
3.626434803009033203e-01
3.626434803009033203e-01
1.981973648071289062e-01
4.943048581480979919e-02
1.062176842242479324e-02
7.875618338584899902e-02
6.875723600387573242e-02
1.544019728899002075e-01
3.210580945014953613e-01
3.626434803009033203e-01
1.074603945016860962e-01
1.096193790435791016e-01
9.129082411527633667e-02
6.397131085395812988e-02
1.574679315090179443e-01
1.180971637368202209e-01
6.916921585798263550e-02
4.894459247589111328e-02
9.864193201065063477e-02
1.329889297485351562e-01
1.821420490741729736e-01
9.790188074111938477e-02
1.029155999422073364e-01
1.532300263643264771e-01
7.776351273059844971e-02
7.728334516286849976e-02
3.949264064431190491e-02
1.442244946956634521e-01
3.757372498512268066e-01
2.430000901222229004e-01
3.177210688591003418e-02
1.270666904747486115e-02
7.634356617927551270e-02
5.344671383500099182e-02
7.259033620357513428e-02
1.652009785175323486e-01
3.757372498512268066e-01
3.757372498512268066e-01
2.504406869411468506e-01
4.936679825186729431e-02
3.519013151526451111e-02
4.621553421020507812e-02
4.418432340025901794e-02
6.772746145725250244e-02
1.856179088354110718e-01
3.757372498512268066e-01
1.156100779771804810e-01
2.000192701816558838e-01
1.091618612408638000e-01
1.053213849663734436e-01
1.565098911523818970e-01
4.926341399550437927e-02
4.943561181426048279e-02
3.466310724616050720e-02
1.165807470679283142e-01
1.506817191839218140e-01
1.940936148166656494e-01
1.325849443674087524e-01
9.875054657459259033e-02
1.427660137414932251e-01
4.943275451660156250e-02
4.827896133065223694e-02
6.998738646507263184e-02
1.072676703333854675e-01
3.690773248672485352e-01
2.130424678325653076e-01
8.417136222124099731e-02
4.329745098948478699e-02
6.030859798192977905e-02
1.613648980855941772e-02
4.756723344326019287e-02
2.220815122127532959e-01
3.690773248672485352e-01
3.690773248672485352e-01
1.843732595443725586e-01
1.143056973814964294e-01
3.838780149817466736e-02
5.818398296833038330e-02
1.470248028635978699e-02
7.370433956384658813e-02
1.850319355726242065e-01
3.690773248672485352e-01
2.058659195899963379e-01
2.292050719261169434e-01
1.273418664932250977e-01
1.029843389987945557e-01
1.049024909734725952e-01
8.194599300622940063e-02
1.156560555100440979e-01
1.381943225860595703e-01
1.305716633796691895e-01
1.914477944374084473e-01
1.791504472494125366e-01
9.616108983755111694e-02
1.786048561334609985e-01
1.892286688089370728e-01
1.509604305028915405e-01
2.228073775768280029e-01
1.341219693422317505e-01
1.375367492437362671e-01
2.480731457471847534e-01
1.568763703107833862e-01
7.964920252561569214e-02
6.933419406414031982e-02
7.842950522899627686e-02
6.557516753673553467e-02
1.626726835966110229e-01
2.201728373765945435e-01
2.738081216812133789e-01
2.339649647474288940e-01
1.576583832502365112e-01
7.864025235176086426e-02
1.619761437177658081e-01
1.676195561885833740e-01
1.273454576730728149e-01
2.127781659364700317e-01
2.091521471738815308e-01
2.218434512615203857e-01
1.080168038606643677e-01
1.071451008319854736e-01
9.055939316749572754e-02
1.219518110156059265e-01
2.153412848711013794e-01
1.914463043212890625e-01
1.828509718179702759e-01
8.253502100706100464e-02
1.059636846184730530e-01
9.028127044439315796e-02
1.564289778470993042e-01
1.287748217582702637e-01
1.110776886343955994e-01
2.219752222299575806e-01
1.863377690315246582e-01
2.217476516962051392e-01
7.149237394332885742e-02
8.136881142854690552e-02
2.391708642244338989e-01
2.006912976503372192e-01
1.221952885389328003e-01
1.054927185177803040e-01
1.611444354057312012e-01
1.396781802177429199e-01
1.242328211665153503e-01
1.453030109405517578e-01
1.819885820150375366e-01
2.417916953563690186e-01
3.424182236194610596e-01
2.366147041320800781e-01
2.381101697683334351e-01
1.448533833026885986e-01
1.591159552335739136e-01
9.535528719425201416e-02
1.065187975764274597e-01
1.231328919529914856e-01
1.065347045660018921e-01
1.476407349109649658e-01
1.018766984343528748e-01
9.366116672754287720e-02
2.089829444885253906e-01
1.940777599811553955e-01
2.361918687820434570e-01
5.943261086940765381e-02
8.184907585382461548e-02
1.333668082952499390e-01
1.485420018434524536e-01
1.746182590723037720e-01
1.551253795623779297e-01
2.476210296154022217e-01
2.146856188774108887e-01
1.715849936008453369e-01
6.094806268811225891e-02
4.017410799860954285e-02
2.378420531749725342e-01
2.760076820850372314e-01
2.041610479354858398e-01
2.099435627460479736e-01
1.089460849761962891e-01
1.715227663516998291e-01
1.347762346267700195e-01
7.576420903205871582e-02
1.716996580362319946e-01
1.548242270946502686e-01
1.206939741969108582e-01
1.656372547149658203e-01
2.487094402313232422e-01
2.045664340257644653e-01
1.539179086685180664e-01
1.887999922037124634e-01
7.415352761745452881e-02
1.092130467295646667e-01
1.321389973163604736e-01
1.367316097021102905e-01
2.104024291038513184e-01
2.037449032068252563e-01
2.410351336002349854e-01
1.871684044599533081e-01
9.650910645723342896e-02
8.059491962194442749e-02
5.029335618019104004e-02
8.483108878135681152e-02
1.328965276479721069e-01
1.586360037326812744e-01
1.517081111669540405e-01
2.049972862005233765e-01
1.803211569786071777e-01
1.196267679333686829e-01
1.175187081098556519e-01
1.092189177870750427e-01
1.581049561500549316e-01
1.225616037845611572e-01
1.397114992141723633e-01
2.226418256759643555e-01
2.545775473117828369e-01
1.246538013219833374e-01
1.182804480195045471e-01
1.309498399496078491e-01
1.118403598666191101e-01
1.840697079896926880e-01
1.261699944734573364e-01
1.247301548719406128e-01
1.199456080794334412e-01
2.460326552391052246e-01
1.595592647790908813e-01
1.856911182403564453e-01
3.005001544952392578e-01
2.258328795433044434e-01
8.724876493215560913e-02
9.296124428510665894e-02
9.398176521062850952e-02
1.076506599783897400e-01
1.351011693477630615e-01
1.081737205386161804e-01
1.344547718763351440e-01
1.027016043663024902e-01
1.178917586803436279e-01
1.130200549960136414e-01
1.171063855290412903e-01
1.604690998792648315e-01
1.375169157981872559e-01
1.321335732936859131e-01
1.659186333417892456e-01
2.275922745466232300e-01
1.582811176776885986e-01
1.076392605900764465e-01
2.367429584264755249e-01
1.195408925414085388e-01
1.481561362743377686e-01
1.588004976511001587e-01
1.386659145355224609e-01
8.062369376420974731e-02
1.524757146835327148e-01
2.909161448478698730e-01
1.746293008327484131e-01
2.470082342624664307e-01
1.593691557645797729e-01
2.343926429748535156e-01
2.395289689302444458e-01
1.213462054729461670e-01
1.434782296419143677e-01
1.897590160369873047e-01
3.216401338577270508e-01
1.646298766136169434e-01
3.289625048637390137e-01
9.303727746009826660e-02
6.251765880733728409e-03
9.547018562443554401e-04
2.743890974670648575e-03
3.497257828712463379e-03
4.455300513654947281e-03
9.567216038703918457e-02
3.254321813583374023e-01
3.529704809188842773e-01
1.688593477010726929e-01
8.215672336518764496e-03
1.875002286396920681e-03
2.523383125662803650e-03
4.491664934903383255e-03
3.528845263645052910e-03
3.787225484848022461e-02
2.789976596832275391e-01
3.636072576045989990e-01
3.374750539660453796e-02
2.404572209343314171e-03
5.916061345487833023e-04
2.995617687702178955e-03
4.059139173477888107e-03
2.517279004678130150e-03
2.209146507084369659e-02
3.636072576045989990e-01
3.636072576045989990e-01
3.437313437461853027e-02
1.862357021309435368e-03
1.612686901353299618e-03
2.806888893246650696e-03
4.667551256716251373e-03
2.281586173921823502e-03
1.192303281277418137e-02
3.636072576045989990e-01
3.182767033576965332e-01
9.041290730237960815e-02
7.349432911723852158e-03
3.743342589586973190e-03
3.720230655744671822e-03
3.003544174134731293e-03
3.530919784680008888e-03
1.281022932380437851e-02
2.828727960586547852e-01
2.712327241897583008e-01
5.248188599944114685e-02
1.518929842859506607e-02
2.328839898109436035e-02
1.671987026929855347e-02
1.339821983128786087e-02
8.748838678002357483e-03
1.017495524138212204e-02
2.952871620655059814e-01
4.001934528350830078e-01
1.673858240246772766e-02
1.874172245152294636e-03
9.681492811068892479e-04
1.076921471394598484e-03
1.829530810937285423e-03
2.532793208956718445e-03
8.855873718857765198e-03
4.001934528350830078e-01
4.001934528350830078e-01
1.193945668637752533e-02
3.052768763154745102e-03
5.141095723956823349e-03
4.968412220478057861e-03
6.688497029244899750e-03
3.237363183870911598e-03
7.961958646774291992e-03
4.001934528350830078e-01
2.289293557405471802e-01
2.032331377267837524e-02
9.754794649779796600e-03
2.052913792431354523e-02
1.522776857018470764e-02
1.484018377959728241e-02
1.686172373592853546e-02
1.301206275820732117e-02
2.331506907939910889e-01
2.535452544689178467e-01
1.201114151626825333e-02
8.311576209962368011e-03
1.368113514035940170e-02
1.731165684759616852e-02
9.378853254020214081e-03
1.527799852192401886e-02
9.441894479095935822e-03
2.712568938732147217e-01
4.319411814212799072e-01
1.543205417692661285e-02
1.488142297603189945e-03
5.719671025872230530e-03
5.587347783148288727e-03
8.107441477477550507e-03
6.994816008955240250e-03
1.144441310316324234e-02
4.319411814212799072e-01
4.319411814212799072e-01
2.712079510092735291e-02
4.521427676081657410e-03
9.124404750764369965e-03
5.660042166709899902e-03
2.786469180136919022e-03
7.805413566529750824e-03
1.797438599169254303e-02
4.319411814212799072e-01
2.221261113882064819e-01
2.585194632411003113e-02
1.399977132678031921e-02
9.848036803305149078e-03
8.780308999121189117e-03
4.715674556791782379e-03
8.365856483578681946e-03
9.970581158995628357e-03
2.353776395320892334e-01
2.890860438346862793e-01
4.168869554996490479e-02
2.002369426190853119e-02
9.881353937089443207e-03
3.698738524690270424e-03
7.351132575422525406e-03
1.663630269467830658e-02
2.347785048186779022e-02
2.754058539867401123e-01
4.215886294841766357e-01
5.237058922648429871e-02
1.183473318815231323e-02
1.065924484282732010e-02
4.413167946040630341e-03
6.687881541438400745e-04
1.986188115552067757e-03
1.037064846605062485e-02
4.215886294841766357e-01
4.215886294841766357e-01
1.106939464807510376e-01
2.378289587795734406e-02
1.010992284864187241e-02
3.891913918778300285e-03
2.317292382940649986e-03
6.739489617757499218e-04
1.571632176637649536e-02
4.215886294841766357e-01
2.528987824916839600e-01
5.346331000328063965e-02
9.034589864313602448e-03
4.112632013857364655e-03
3.946671262383460999e-03
5.640824325382709503e-03
7.054242305457592010e-03
1.026629470288753510e-02
2.245133519172668457e-01
3.124665915966033936e-01
5.844049900770187378e-02
3.083710791543126106e-03
1.546867570141330361e-04
1.087721320800483227e-03
1.263460610061883926e-03
2.074408577755093575e-03
1.442604698240756989e-02
3.093473613262176514e-01
4.087430536746978760e-01
9.413345903158187866e-02
1.743713580071926117e-02
3.777994541451334953e-03
3.449980635195970535e-03
3.596119349822402000e-03
4.264395975042134523e-04
4.820724483579397202e-03
4.087430536746978760e-01
4.087430536746978760e-01
6.160548701882362366e-02
6.913691293448209763e-03
4.274522885680198669e-03
3.349526086822152138e-03
3.708889940753579140e-03
1.947051496244966984e-03
4.550181794911623001e-03
4.087430536746978760e-01
2.062570005655288696e-01
3.573110327124595642e-02
3.461427986621856689e-02
3.367645898833870888e-03
2.301437258720397949e-01
3.384505584836006165e-02
9.606214589439332485e-04
8.674224838614463806e-03
2.334378212690353394e-01
1.106368452310562134e-01
3.432374447584152222e-02
8.968302607536315918e-02
5.022213608026504517e-02
3.508185446262359619e-01
9.122744947671890259e-02
1.493224117439240217e-04
6.019996944814920425e-03
1.343360543251037598e-01
3.508185446262359619e-01
4.456093162298202515e-02
8.852799236774444580e-02
1.039555575698614120e-02
1.155343130230903625e-01
3.718521445989608765e-02
3.373926039785146713e-03
6.696436088532209396e-03
3.508185446262359619e-01
2.514889538288116455e-01
8.200944215059280396e-02
2.521123588085174561e-01
3.430075570940971375e-02
3.508185446262359619e-01
1.309311836957931519e-01
9.821696206927299500e-03
1.901656389236450195e-02
3.508185446262359619e-01
1.870255619287490845e-01
6.334007531404495239e-02
9.570249915122985840e-02
8.694123476743698120e-02
3.702781498432159424e-01
8.302784711122512817e-02
6.445315200835466385e-03
4.124778881669044495e-02
2.110599279403686523e-01
2.188586890697479248e-01
3.337676078081130981e-02
1.408406440168619156e-02
1.355578191578388214e-03
4.015548984170891345e-05
6.391264032572507858e-03
1.101380772888660431e-02
1.345355957746505737e-01
2.975121140480041504e-01
1.895113587379455566e-01
1.319901496171951294e-01
2.349579632282257080e-01
9.799512475728988647e-02
3.702781498432159424e-01
1.738459616899490356e-01
4.887562990188598633e-02
8.301904797554016113e-02
3.606800138950347900e-01
1.798465549945831299e-01
4.785346984863281250e-02
2.895003929734230042e-02
6.196942180395126343e-02
6.711632013320922852e-02
8.437663316726684570e-02
5.017353221774101257e-02
2.181471735239028931e-01
2.615882754325866699e-01
2.210634201765060425e-01
5.333527922630310059e-02
6.123949307948350906e-03
2.507286262698471546e-04
8.360493229702115059e-04
9.155722334980964661e-03
3.289234638214111328e-02
2.348730266094207764e-01
2.870520651340484619e-01
2.098718285560607910e-01
6.254073232412338257e-02
3.731755074113607407e-03
0.000000000000000000e+00
5.237429868429899216e-03
1.389003824442625046e-02
6.258536875247955322e-02
2.534132599830627441e-01
2.870520651340484619e-01
1.522136777639389038e-01
7.954125106334686279e-02
6.748209893703460693e-02
1.177764236927032471e-01
1.006487160921096802e-01
1.112068146467208862e-01
7.406380027532577515e-02
2.870520651340484619e-01
2.870520651340484619e-01
1.721506565809249878e-01
1.855975538492202759e-01
9.284035116434097290e-02
1.945858597755432129e-01
2.194048017263412476e-01
1.528312712907791138e-01
1.427006721496582031e-01
2.870520651340484619e-01
2.870520651340484619e-01
2.814441025257110596e-01
6.915397942066192627e-02
9.203129447996616364e-04
3.008942003361880779e-04
3.695279126986861229e-03
9.387272410094738007e-03
4.574339836835861206e-02
1.475736498832702637e-01
3.135098814964294434e-01
2.366688251495361328e-01
6.181781738996505737e-02
2.281259512528777122e-03
1.303874887526035309e-03
1.663016038946807384e-03
1.819571666419506073e-02
5.363931879401206970e-02
1.650260090827941895e-01
3.166299760341644287e-01
2.365261018276214600e-01
1.250400841236114502e-01
5.248482525348663330e-02
1.019168049097061157e-01
1.314528286457061768e-01
6.838884949684143066e-02
1.502369642257690430e-01
3.166299760341644287e-01
3.166299760341644287e-01
2.290432751178741455e-01
5.760190635919570923e-02
1.206682622432708740e-02
1.192588824778795242e-02
2.427547611296176910e-02
1.880782097578048706e-02
1.129811257123947144e-01
3.166299760341644287e-01
3.166299760341644287e-01
2.365369200706481934e-01
9.029399603605270386e-02
1.690019294619560242e-02
3.184363013133406639e-03
3.672696650028228760e-03
8.034054189920425415e-03
3.447340056300163269e-02
1.698148399591445923e-01
3.273389041423797607e-01
2.372784316539764404e-01
7.619647681713104248e-02
2.344477549195289612e-02
3.926817327737808228e-03
5.182616412639617920e-03
8.255067281424999237e-03
7.260698825120925903e-02
2.157547175884246826e-01
3.259109854698181152e-01
1.949187368154525757e-01
1.005449295043945312e-01
1.601854339241981506e-02
0.000000000000000000e+00
1.569093018770217896e-02
3.220988437533378601e-02
1.121509000658988953e-01
3.273389041423797607e-01
3.273389041423797607e-01
2.220931351184844971e-01
1.690905839204788208e-01
3.345447033643722534e-02
0.000000000000000000e+00
2.253346145153045654e-02
3.081475384533405304e-02
1.262913644313812256e-01
3.068446815013885498e-01
3.273389041423797607e-01
1.371376067399978638e-01
2.342467755079269409e-02
1.167707797139883041e-02
1.734424196183681488e-02
1.930115371942520142e-02
2.486054040491580963e-02
1.138650476932525635e-01
2.708264291286468506e-01
2.535204291343688965e-01
2.383626252412796021e-01
3.286891803145408630e-02
2.527817152440547943e-02
3.658794984221458435e-02
4.272923246026039124e-02
3.198009729385375977e-02
9.746406227350234985e-02
2.104838639497756958e-01
2.695120275020599365e-01
2.388709187507629395e-01
8.986439555883407593e-02
1.719416864216327667e-02
6.988347158767282963e-04
6.420605350285768509e-03
1.345355063676834106e-02
1.004027053713798523e-01
3.277073800563812256e-01
3.277073800563812256e-01
3.119739890098571777e-01
1.840208284556865692e-02
3.945921547710895538e-03
1.161091378889977932e-03
2.929532900452613831e-03
1.457214727997779846e-02
1.816269010305404663e-01
3.277073800563812256e-01
3.277073800563812256e-01
2.393826693296432495e-01
7.869467139244079590e-02
6.736952066421508789e-02
2.757654525339603424e-02
4.535881429910659790e-02
4.773074015974998474e-02
9.481927752494812012e-02
1.406838744878768921e-01
2.234237790107727051e-01
1.892154812812805176e-01
1.358445882797241211e-01
1.097739338874816895e-01
9.506200253963470459e-02
6.115901842713356018e-02
6.937389820814132690e-02
7.652713358402252197e-02
1.178733929991722107e-01
1.697612255811691284e-01
2.899027764797210693e-01
4.698989540338516235e-02
3.739137947559356689e-02
3.780846716836094856e-03
7.294043898582458496e-03
2.283251658082008362e-02
2.645415365695953369e-01
3.403140306472778320e-01
3.403140306472778320e-01
3.403140306472778320e-01
1.068140119314193726e-01
5.739622935652732849e-02
2.624036744236946106e-02
2.385700121521949768e-02
3.046672232449054718e-02
1.274103820323944092e-01
2.402148544788360596e-01
3.403140306472778320e-01
1.878215223550796509e-01
1.394488215446472168e-01
1.005228683352470398e-01
1.001584678888320923e-01
3.677165135741233826e-02
6.596542894840240479e-02
1.089141443371772766e-01
1.166102886199951172e-01
1.654412597417831421e-01
1.121241822838783264e-01
6.194762140512466431e-02
7.428298890590667725e-02
1.120581105351448059e-01
7.245882600545883179e-02
7.971917092800140381e-02
1.774936020374298096e-01
1.173425093293190002e-01
1.354332715272903442e-01
3.662360608577728271e-01
9.558039158582687378e-02
2.866808325052261353e-02
3.639350086450576782e-02
1.482632104307413101e-02
1.749581657350063324e-02
1.422504335641860962e-01
2.662450969219207764e-01
3.679156303405761719e-01
2.021890878677368164e-01
5.053525418043136597e-02
4.852496832609176636e-02
2.571881935000419617e-02
5.049877613782882690e-02
6.458105146884918213e-02
2.385571599006652832e-01
3.679156303405761719e-01
3.679156303405761719e-01
1.243893876671791077e-01
7.960546016693115234e-02
8.204406499862670898e-02
1.370988041162490845e-01
1.167652979493141174e-01
8.438714593648910522e-02
1.267986297607421875e-01
1.234531849622726440e-01
1.423695534467697144e-01
1.672878861427307129e-01
1.085854992270469666e-01
1.113541051745414734e-01
9.876624494791030884e-02
1.206154227256774902e-01
9.252638369798660278e-02
1.213682815432548523e-01
2.126172482967376709e-01
1.869120448827743530e-01
2.272693812847137451e-01
1.255339831113815308e-01
1.297277808189392090e-01
6.004684790968894958e-02
8.491709828376770020e-02
1.081099510192871094e-01
1.395773142576217651e-01
3.265859484672546387e-01
3.531532883644104004e-01
2.391770482063293457e-01
1.548879444599151611e-01
1.470246762037277222e-01
8.697023242712020874e-02
6.361918151378631592e-02
9.728600084781646729e-02
1.249199286103248596e-01
2.851026952266693115e-01
3.438423573970794678e-01
1.782973706722259521e-01
7.958436757326126099e-02
1.393676400184631348e-01
1.114813685417175293e-01
8.014961332082748413e-02
5.037934333086013794e-02
9.270461648702621460e-02
2.690270245075225830e-01
1.669591069221496582e-01
1.677414327859878540e-01
1.278862804174423218e-01
1.674515753984451294e-01
1.073206588625907898e-01
9.561657905578613281e-02
1.006517261266708374e-01
1.049754098057746887e-01
3.299358487129211426e-01
2.060335278511047363e-01
1.863914877176284790e-01
9.938615560531616211e-02
1.281568259000778198e-01
1.189398616552352905e-01
5.956384167075157166e-02
7.942642271518707275e-02
8.021359890699386597e-02
2.132744342088699341e-01
2.892700731754302979e-01
1.731319576501846313e-01
1.489783674478530884e-01
1.574260890483856201e-01
1.135852634906768799e-01
1.078281104564666748e-01
1.611336618661880493e-01
1.294325143098831177e-01
2.803858518600463867e-01
3.153143823146820068e-01
4.098686873912811279e-01
6.488897651433944702e-02
3.680373774841427803e-03
9.593136201146990061e-05
9.097731672227382660e-04
2.278275322169065475e-03
2.373769646510481834e-03
8.406842499971389771e-02
4.098686873912811279e-01
4.098686873912811279e-01
7.952742278575897217e-02
7.239661645144224167e-04
4.157025250606238842e-04
9.273726609535515308e-04
1.648247707635164261e-03
1.741436775773763657e-03
1.363416388630867004e-02
4.098686873912811279e-01
1.774223446846008301e-01
3.695192188024520874e-02
1.514514070004224777e-02
4.939966369420289993e-03
1.578927040100097656e-02
1.836238801479339600e-02
2.511476725339889526e-02
9.649030119180679321e-02
2.996798753738403320e-01
3.398756980895996094e-01
3.815709054470062256e-02
5.912683904170989990e-03
2.518437802791595459e-03
9.659641422331333160e-03
1.581148803234100342e-02
1.613677106797695160e-02
3.379756584763526917e-02
2.322126924991607666e-01
4.239060878753662109e-01
4.513449594378471375e-02
1.253671245649456978e-03
1.871408021543174982e-04
2.086434687953442335e-04
4.756899143103510141e-04
1.566699589602649212e-03
1.196848414838314056e-02
4.239060878753662109e-01
4.239060878753662109e-01
4.012795910239219666e-02
4.740017931908369064e-03
4.819556197617202997e-04
3.509626549202948809e-04
9.823878062888979912e-04
5.868264008313417435e-03
1.530772540718317032e-02
4.239060878753662109e-01
2.811039388179779053e-01
3.945430740714073181e-02
9.640496224164962769e-03
2.039943821728229523e-03
3.586668521165847778e-03
7.178151980042457581e-03
9.735637344419956207e-03
2.172978036105632782e-02
2.067735046148300171e-01
3.054243028163909912e-01
6.769677251577377319e-02
2.043708600103855133e-02
3.524266183376312256e-03
2.177184214815497398e-03
2.487154444679617882e-03
1.814288087189197540e-02
2.279858291149139404e-02
2.228809893131256104e-01
4.329248964786529541e-01
3.530962765216827393e-02
2.073437208309769630e-03
7.159201777540147305e-04
5.473161581903696060e-04
8.304390939883887768e-04
1.122861541807651520e-02
2.962932735681533813e-02
4.329248964786529541e-01
4.329248964786529541e-01
7.986438274383544922e-02
2.892571268603205681e-03
4.160528071224689484e-03
1.827988889999687672e-03
3.580751945264637470e-04
1.555629726499319077e-02
4.707806557416915894e-02
4.329248964786529541e-01
2.684422433376312256e-01
5.369985476136207581e-02
1.160140614956617355e-02
9.152385406196117401e-03
5.730828735977411270e-03
1.393472892232239246e-03
1.768021099269390106e-02
2.598764374852180481e-02
1.937493830919265747e-01
2.845194339752197266e-01
6.217684969305992126e-02
7.637664675712585449e-03
1.730823889374732971e-02
1.825147867202758789e-02
6.766494829207658768e-03
1.512459106743335724e-02
2.801868133246898651e-02
1.859154105186462402e-01
4.313915669918060303e-01
1.703026443719863892e-01
1.640040986239910126e-02
1.013543363660573959e-02
4.908105824142694473e-03
5.480432300828397274e-04
6.256124004721641541e-03
1.970060728490352631e-02
4.313915669918060303e-01
4.313915669918060303e-01
3.025234639644622803e-01
3.694132715463638306e-02
7.227230351418256760e-03
3.332352265715599060e-03
9.761189576238393784e-04
3.341174917295575142e-03
2.051210403442382812e-02
4.313915669918060303e-01
2.416996508836746216e-01
9.766612946987152100e-02
1.728130877017974854e-02
1.248277816921472549e-02
1.782315969467163086e-02
1.263656187802553177e-02
1.662287302315235138e-02
1.631036400794982910e-02
1.063702702522277832e-01
1.663282662630081177e-01
1.144058033823966980e-01
2.772058919072151184e-02
7.782307919114828110e-03
6.463497877120971680e-03
7.222902495414018631e-03
1.663712039589881897e-02
2.553332597017288208e-02
6.882466375827789307e-02
4.724623262882232666e-01
2.476787418127059937e-01
3.517263755202293396e-02
3.469939576461911201e-03
2.166637219488620758e-03
3.611227963119745255e-03
2.590853255242109299e-03
1.070216670632362366e-02
4.724623262882232666e-01
4.724623262882232666e-01
9.746390581130981445e-02
1.556282583624124527e-02
2.471004799008369446e-02
2.625697664916515350e-02
3.048747964203357697e-02
5.671630613505840302e-03
3.154211444780230522e-03
4.724623262882232666e-01
9.075808525085449219e-02
6.942646950483322144e-02
1.725479587912559509e-02
7.508975453674793243e-03
1.475502271205186844e-02
7.071453146636486053e-03
1.261275447905063629e-02
2.409087494015693665e-02
4.565887898206710815e-02
3.417571261525154114e-02
3.211590647697448730e-02
1.492389384657144547e-02
2.573599107563495636e-02
6.887990236282348633e-02
4.925535619258880615e-02
1.827631518244743347e-02
1.815928332507610321e-02
1.518268883228302002e-02
3.308894932270050049e-01
4.090294241905212402e-02
5.771642178297042847e-02
4.106938838958740234e-02
9.251171350479125977e-02
1.143868491053581238e-01
1.062506064772605896e-02
1.012574974447488785e-02
3.308894932270050049e-01
2.116581946611404419e-01
9.510648250579833984e-02
1.826718002557754517e-01
1.612192690372467041e-01
3.308894932270050049e-01
3.308894932270050049e-01
4.023851826786994934e-02
3.571214154362678528e-02
3.308894932270050049e-01
1.652668602764606476e-02
1.824598200619220734e-02
9.136725217103958130e-03
3.818278014659881592e-02
1.958473473787307739e-01
1.184450462460517883e-01
1.175203360617160797e-02
7.641746196895837784e-03
9.320400655269622803e-03
1.659583114087581635e-02
3.607139736413955688e-02
2.962859533727169037e-02
1.591809391975402832e-01
3.308894932270050049e-01
3.308894932270050049e-01
5.339316651225090027e-02
7.251027040183544159e-03
1.083683222532272339e-02
7.911900430917739868e-02
9.080974012613296509e-02
9.386680275201797485e-02
2.448901534080505371e-01
2.823666036128997803e-01
2.823666036128997803e-01
9.538589417934417725e-02
5.617769435048103333e-02
1.777223050594329834e-01
9.570623934268951416e-02
8.093664795160293579e-02
4.791588336229324341e-02
1.829708218574523926e-01
2.493643313646316528e-01
2.204800993204116821e-01
9.048333019018173218e-02
1.007729768753051758e-01
1.399646252393722534e-01
7.385320961475372314e-03
4.725584387779235840e-02
5.519588664174079895e-02
2.799359560012817383e-01
2.823666036128997803e-01
2.823666036128997803e-01
1.307122409343719482e-01
1.889901421964168549e-02
1.477188896387815475e-02
2.805087529122829437e-02
7.105431705713272095e-02
6.959494948387145996e-02
2.390287220478057861e-01
2.823666036128997803e-01
2.823666036128997803e-01
1.334743797779083252e-01
4.249770194292068481e-02
5.156572908163070679e-02
5.315187573432922363e-02
9.445632249116897583e-02
7.806244492530822754e-02
1.590044647455215454e-01
2.275015413761138916e-01
1.633473932743072510e-01
7.906684279441833496e-02
1.609837114810943604e-01
1.130613163113594055e-01
7.273000478744506836e-02
1.211051195859909058e-01
9.055820107460021973e-02
3.156784772872924805e-01
3.156784772872924805e-01
1.893945634365081787e-01
1.107160225510597229e-01
1.315311789512634277e-01
9.866570681333541870e-02
2.802048996090888977e-02
8.504192531108856201e-02
5.649758875370025635e-02
1.423018574714660645e-01
3.156784772872924805e-01
2.676797807216644287e-01
8.007258921861648560e-02
5.190774053335189819e-02
3.291156515479087830e-02
2.379153482615947723e-02
5.020959302783012390e-02
4.779247567057609558e-02
3.156784772872924805e-01
3.156784772872924805e-01
3.156784772872924805e-01
7.800933718681335449e-02
6.118938699364662170e-02
2.435936965048313141e-02
1.165342479944229126e-01
8.344266563653945923e-02
5.370701849460601807e-02
2.366402298212051392e-01
2.994180619716644287e-01
9.765955060720443726e-02
7.301887124776840210e-02
1.881559342145919800e-01
1.731155663728713989e-01
1.237651929259300232e-01
5.129741132259368896e-02
1.877667941153049469e-02
6.744624674320220947e-02
9.327531605958938599e-02
3.192766383290290833e-02
6.242987141013145447e-02
2.994180619716644287e-01
2.994180619716644287e-01
5.492989718914031982e-02
4.071414098143577576e-02
3.945244103670120239e-02
2.974302768707275391e-01
2.994180619716644287e-01
2.994180619716644287e-01
5.441409349441528320e-02
8.763631433248519897e-02
5.671480670571327209e-02
8.541339635848999023e-02
5.822289735078811646e-02
3.756066784262657166e-02
1.239181607961654663e-01
2.568233609199523926e-01
1.136840879917144775e-01
4.967385903000831604e-02
2.576845586299896240e-01
2.624135315418243408e-01
8.186764270067214966e-02
2.322326414287090302e-02
4.447386600077152252e-03
3.307539736852049828e-03
6.105513311922550201e-03
1.529448479413986206e-02
7.269659638404846191e-02
3.423509299755096436e-01
3.423509299755096436e-01
1.107763350009918213e-01
6.008186936378479004e-02
1.119185891002416611e-02
2.603310804261127487e-06
5.924812052398920059e-03
1.222573965787887573e-02
5.422097444534301758e-02
3.423509299755096436e-01
3.423509299755096436e-01
7.169830054044723511e-02
2.468774095177650452e-02
2.026938833296298981e-02
1.702024228870868683e-02
1.804371736943721771e-02
1.550841331481933594e-02
5.350893363356590271e-02
3.423509299755096436e-01
3.423509299755096436e-01
1.112679541110992432e-01
2.078359574079513550e-02
5.599008873105049133e-03
1.951094833202660084e-03
7.461851928383111954e-03
8.518027141690254211e-03
6.427442282438278198e-02
3.423509299755096436e-01
3.423509299755096436e-01
1.081148907542228699e-01
4.826270788908004761e-02
1.155574247241020203e-02
0.000000000000000000e+00
1.106774085201323032e-03
4.245091695338487625e-03
4.311261698603630066e-02
2.737396061420440674e-01
3.479985594749450684e-01
9.495437890291213989e-02
9.003974497318267822e-03
2.672852482646703720e-03
0.000000000000000000e+00
0.000000000000000000e+00
7.527848705649375916e-03
8.394077420234680176e-02
2.467382550239562988e-01
2.286529093980789185e-01
1.320184469223022461e-01
2.651964500546455383e-02
5.658586975187063217e-03
4.067148838657885790e-04
1.744484063237905502e-03
1.242946647107601166e-02
5.499018728733062744e-02
3.871590793132781982e-01
3.871590793132781982e-01
1.685870736837387085e-01
2.444638311862945557e-02
3.658571513369679451e-03
0.000000000000000000e+00
8.139030978782102466e-05
1.689702831208705902e-02
6.681644171476364136e-02
3.871590793132781982e-01
3.871590793132781982e-01
1.320162564516067505e-01
2.304186671972274780e-02
7.125623989850282669e-03
3.520046884659677744e-04
8.080790285021066666e-04
8.199137635529041290e-03
9.080207347869873047e-02
2.217571884393692017e-01
2.166200131177902222e-01
2.003442198038101196e-01
4.812261462211608887e-02
9.173866361379623413e-03
2.548015443608164787e-03
2.085842890664935112e-03
6.296540610492229462e-03
5.227763950824737549e-02
1.589481979608535767e-01
3.094506561756134033e-01
2.211226075887680054e-01
4.972779750823974609e-02
1.009962242096662521e-02
1.548881176859140396e-03
3.501675557345151901e-03
1.502863038331270218e-02
6.312480568885803223e-02
3.903529644012451172e-01
3.903529644012451172e-01
1.795209050178527832e-01
8.048030734062194824e-02
3.105448186397552490e-02
1.158584281802177429e-02
9.038652293384075165e-03
4.222746472805738449e-03
4.723788052797317505e-02
3.903529644012451172e-01
3.903529644012451172e-01
1.534589827060699463e-01
2.768629416823387146e-02
3.385012503713369370e-03
2.865813439711928368e-03
7.161258254200220108e-04
3.869263920933008194e-03
7.240141928195953369e-02
2.066361904144287109e-01
3.566985428333282471e-01
1.098386868834495544e-01
2.113099768757820129e-02
1.169740688055753708e-02
3.170751500874757767e-03
5.563305225223302841e-03
7.459718734025955200e-03
6.688032299280166626e-02
2.731485366821289062e-01
3.566985428333282471e-01
1.382056772708892822e-01
2.952891029417514801e-02
2.216273546218872070e-02
1.310095377266407013e-02
3.103211987763643265e-03
8.247553487308323383e-04
7.967035472393035889e-02
3.566985428333282471e-01
3.566985428333282471e-01
1.682917475700378418e-01
1.302227005362510681e-02
2.341743092983961105e-03
2.787394681945443153e-03
4.371555522084236145e-03
1.384311169385910034e-02
1.149115040898323059e-01
3.566985428333282471e-01
3.566985428333282471e-01
1.599179953336715698e-01
8.739721029996871948e-02
5.103428661823272705e-02
1.986970379948616028e-02
1.276549603790044785e-02
1.457077730447053909e-02
4.128417745232582092e-02
2.616693675518035889e-01
3.227603137493133545e-01
1.667765378952026367e-01
1.068810820579528809e-01
4.576534405350685120e-02
2.810220979154109955e-02
1.705096289515495300e-02
2.161668986082077026e-02
8.273885399103164673e-02
2.453979998826980591e-01
3.155319392681121826e-01
1.641482412815093994e-01
8.968626707792282104e-02
7.696382701396942139e-03
6.532058119773864746e-03
1.490989886224269867e-02
2.592127770185470581e-02
1.574421823024749756e-01
3.227603137493133545e-01
3.227603137493133545e-01
2.111136168241500854e-01
1.599927842617034912e-01
8.387329056859016418e-03
9.719388559460639954e-03
2.018162235617637634e-02
1.923407427966594696e-02
1.665967106819152832e-01
3.227603137493133545e-01
3.227603137493133545e-01
1.714385151863098145e-01
5.896118283271789551e-02
3.366658836603164673e-02
3.924074769020080566e-02
3.234625235199928284e-02
3.675084933638572693e-02
8.453664928674697876e-02
1.882256120443344116e-01
2.887330055236816406e-01
1.925803273916244507e-01
9.605302661657333374e-02
6.897322088479995728e-02
4.823833703994750977e-02
5.097660794854164124e-02
6.777597218751907349e-02
9.833142906427383423e-02
2.191097736358642578e-01
2.125020176172256470e-01
2.143017202615737915e-01
7.157553732395172119e-02
4.942419938743114471e-03
7.450878154486417770e-03
3.557305410504341125e-02
2.978266775608062744e-02
2.163826227188110352e-01
3.249427974224090576e-01
3.249427974224090576e-01
3.249427974224090576e-01
1.111733838915824890e-01
3.251770511269569397e-02
2.015057019889354706e-02
5.584160611033439636e-02
3.375452384352684021e-02
1.819813698530197144e-01
3.095112442970275879e-01
3.249427974224090576e-01
